-67.0795553785
-135.265910578
-77.9657447302
-121.542180517
-69.8302991793
-67.4993515387
-125.583534154
-89.9759206583
-73.722278393
-45.8296626459
-51.1694341779
-87.8053311663
-63.6601004584
-189.167809194
-71.3215147514
-88.9232394856
-55.3630757926
-88.8325867739
-116.589280113
-96.5056547904
-107.249452473
-93.0496028222
-133.512937921
-95.7349048917
-93.0060581554
-65.0525647626
-23.8774799287
-27.9159304084
-72.8916913574
-53.2100102464
-55.1100950924
-45.9814682963
-70.738067791
-25.9014235139
-43.4074756395
-64.6950731145
-48.6710639201
-24.3647199309
-89.2707708012
-72.1427947535
-80.1110519562
-108.675651687
-106.396492497
-66.0053480416
-105.710892077
-273.074771199
-61.5345021076
-39.6593785387
-61.7837885168
-47.0170295414
-69.0240334948
-97.4276169154
-66.1162411975
-66.2379091089
-88.7514990932
-131.90469382
-81.3910429332
-104.214555936
-98.2326500277
-78.9762097913
-88.7757736231
-129.685594746
-101.661986733
-49.3181925631
-73.7244266034
-74.8542927009
-84.6303497042
-117.692318398
-142.345367495
-58.8539253409
-56.3824822274
-114.872257113
-135.936861534
-91.7826769362
-39.9595720383
-62.5709113627
-51.3365228083
-42.8126192851
-68.4304653816
-50.6370825148
-38.8712135271
-103.655068419
-55.9422255052
-70.0674739286
-93.2080208357
-44.1401542561
-35.7406519864
-34.4979781905
-62.5352297909
-117.900730873
-58.3967690548
-65.8860659079
-106.804142724
-83.9454501994
-84.9051864027
-103.720792405
-59.462673776
-105.755168066
-69.7576598788
-37.2316347492
-119.59997513
-81.6801621343
-75.0565663229
-79.1847499623
-95.851131115
-74.9460802758
-61.9161167648
-144.276686743
-144.194799463
-88.6968174215
-68.1619776055
-96.7890217025
-53.2899194572
-80.1324246239
-39.3450726348
-65.0344867306
-77.2755296175
-89.8656754654
-58.2544459152
-29.4337475543
-31.3769591006
-77.8287252947
-94.0205207398
-85.604094494
-29.9662397503
-96.8079218352
-99.4167798111
-46.1604072253
-119.499870807
-120.003734972
-101.064502324
-117.754205962
-66.4998626827
-103.999949872
-75.9926786797
-80.4977624111
-90.1307769325
-70.9119788824
-55.4947027811
-51.6744515238
-125.216765045
-116.876362368
-47.6675520448
-68.5081476388
-90.6370993448
-104.405894873
-66.3436263326
-44.0591750343
-23.4323060678
-38.6978610539
-85.5750852077
-118.526165034
-38.1128895202
-74.5483178203
-40.0629942638
-123.777269938
-53.0394538438
-41.6487385142
-83.1784975261
-69.028568894
-48.9350989161
-77.1059032885
-51.7721523595
-67.2122787471
-156.315875295
-60.7498287171
-87.9173062567
-108.902843026
-97.1438317677
-67.6110040776
-99.4123982665
-71.5996843211
-94.3229035042
-72.7267831757
-120.738651131
-49.6531616934
-91.7718996151
-91.4500194005
-76.2591459873
-49.7582389891
-67.0814653751
-47.2554613342
-67.5453721417
-74.2062885111
-32.6194478588
-84.0758788816
-33.1553138672
-129.00047668
-116.182442568
-115.651435626
-95.2756037027
-148.400285178
-93.2551545957
-84.8552513473
-51.8554277236
-37.8347521027
-78.5526734245
-55.014645359
-127.778876196
-60.4719341666
-38.2814968048
-85.725577103
-50.4277407973
-175.086613204
-60.7328029518
-112.337893062
-110.412445487
-55.7239385728
-35.3852997111
-100.354806522
-144.249025508
-144.528320142
-79.1594388434
-27.874819632
-111.304431623
-83.081727654
-70.4540476453
-51.6107886969
-144.314669884
-124.722260862
-37.3617690064
-80.8412996899
-57.2857643227
-179.975312742
-58.1067878485
-106.904073819
-51.7633995688
-50.7461563923
-72.5454955114
-190.907719591
-109.979957139
-36.2913812295
-48.6597631318
-42.9796677855
-36.1874631929
-44.0179395476
-82.4400736072
-81.4662352725
-80.4396215779
-97.8188318963
-80.2157698655
-85.5640045205
-83.1712633164
-78.172457497
-110.47087485
-70.6903743539
-36.714080708
-84.2754577515
-47.7730934215
-69.6532291635
-29.137417674
-92.5880919643
-94.3443856445
-112.138827126
-43.9940506166
-56.7025505597
-42.0486978377
-90.1968959995
-63.2040818613
-106.981341404
-76.8567768626
-53.2009242897
-45.1098003212
-68.2391441875
-133.508267074
-85.8803150608
-109.468965828
-109.18262433
-89.1651770216
-129.434071052
-148.739739674
-130.50015908
-70.7053934336
-141.646021929
-81.5374476703
-94.0508709478
-92.0176616483
-51.6828649214
-158.963151477
-102.062955009
-154.734469002
-128.48556138
-164.596687445
-124.56086581
-152.266009015
-182.773292376
-110.306982561
-64.8083265154
-81.8673168303
-103.995470284
-120.689597141
-53.5468267406
-43.6191224267
-66.6487276826
-109.507609442
-70.6956014301
-60.1922820334
-83.7038524115
-130.909873978
-58.3093019368
-55.3559648638
-87.5617757717
-112.556090908
-79.3077807352
-79.1396265387
-69.9731192063
-131.632715788
-79.0073070943
-73.9207380541
-140.379961968
-67.946664498
-84.7220033577
-137.839755096
-133.189254503
-44.3269269985
-37.1506920079
-38.8626721718
-69.0898294869
-84.2380756428
-68.9800662032
-46.1033075163
-110.582023832
-58.6648289064
-87.2880258639
-32.1170490032
-104.658391367
-34.6389725117
-100.628650356
-85.6849835897
-115.276216144
-76.40013838
-90.0023900968
-67.3043919356
-73.6147225956
-132.91261941
-95.5566908855
-175.808883709
-107.886726509
-91.618481371
-81.0320088427
-79.316536963
-96.1342829312
-39.7791487772
-86.2079383386
-39.3907852058
-122.792370845
-116.630790357
-73.5799343564
-51.0648585572
-86.938636798
-20.4187287934
-155.634626029
-69.806323813
-94.1580377039
-78.3632383433
-177.036154071
-67.541638311
-37.8722419615
-94.7414705405
-98.0491971058
-146.118844091
-86.206225888
-66.4247984321
-51.6484213614
-128.9485284
-85.2433142842
-31.8836552271
-93.2514396638
-103.654636329
-138.75169131
-55.1582865672
-132.19749352
-108.527145366
-56.5570855854
-82.6530961595
-85.3458796714
-98.3224137975
-88.5864245967
-76.583181381
-134.307165465
-51.0709837912
-80.4580036688
-110.666373187
-91.5267760728
-147.071643354
-81.2698721007
-63.4418219899
-96.0820363938
-32.5804296315
-58.7582273419
-41.7776383796
-53.8562184679
-97.9804107534
-85.504684584
-164.755513602
-121.292898594
-131.535487397
-56.6838230368
-118.527552113
-120.387458314
-110.709051699
-112.815896207
-86.4125458204
-80.7794133676
-148.103727748
-67.7282751825
-81.2160884166
-71.4254512227
-112.379647035
-70.2394636889
-64.4110243633
-104.120900543
-117.694523721
-76.5247253266
-115.984455274
-52.6732935607
-107.390543388
-163.197829548
-100.225630519
-62.4582507007
-97.1425090964
-52.386451191
-44.4763019054
-59.9902003793
-125.263424839
-107.955588834
-59.5270974055
-65.8553818298
-128.490449019
-95.0331061664
-125.269734545
-76.2075655213
-52.188567465
-14.4281195849
-101.507857715
-72.8290025352
-63.8324831215
-130.957221516
-47.0595583901
-44.4240035527
-44.2068172727
-111.386524969
-104.241079919
-91.6336979122
-83.9897015468
-78.8278047392
-90.4156932083
-84.3617270757
-142.619314284
-94.1233738255
-229.636931733
-72.0624473319
-111.109722694
-34.6308022525
-78.3799238932
-94.2796241089
-121.636388609
-93.6172791593
-63.3960410616
-75.7754115718
-20.3181325649
-72.1405951018
-37.6783690713
-75.9569030104
-53.2298084286
-115.150896628
-96.8215608786
-99.0296588663
-75.1318049562
-84.6908677714
-87.8613339291
-120.551378007
-137.774995477
-26.41942254
-75.0855168228
-62.5914407354
-85.9033885353
-51.6458866091
-83.1368111574
-48.2577557004
-39.2985976237
-75.4255550047
-119.142635415
-124.902881102
-108.352921453
-114.245530136
-50.2146966226
-84.2188973178
-97.2274340472
-57.855689383
-62.513362178
-59.1694643717
-106.563131127
-64.6691183828
-72.4446117447
-129.127914861
-59.2394174585
-62.1882395651
-60.1923316282
-46.5516551556
-117.892947398
-100.252272609
-70.7575669239
-91.5907901306
-99.1482871702
-40.3840311532
-77.8275884626
-102.869944702
-72.449925708
-79.9575515747
-76.4603571226
-33.4409875422
-96.6009152249
-65.307031643
-104.258279966
-79.1890151602
-60.4003350013
-84.0680922959
-88.884109049
-90.6739417955
-118.159930094
-82.1201171249
-60.191225701
-66.7610885056
-74.2594311072
-115.647956049
-72.9689175797
-219.636126965
-52.5975642801
-75.3895411067
-44.7592806222
-102.53989392
-65.2015779176
-45.6686303616
-69.669747614
-49.0464948673
-27.6345171967
-98.3405733974
-78.0264968006
-99.507349089
-46.5937647649
-52.3218348849
-66.0611567994
-65.9774294269
-80.5517654823
-34.3239162903
-75.6556002187
-35.8179399797
-56.2991916005
-53.0296958581
-110.829002987
-39.9136380567
-61.9098059142
-84.8236733663
-52.7748362492
-61.7182981298
-40.1170337219
-66.3638030876
-44.3501720169
-86.8321411148
-43.8949703743
-91.1990859413
-70.4737121653
-80.4579648573
-90.3541583124
-56.3639890118
-91.7898496668
-41.5255539476
-72.7051596414
-112.614728271
-143.918995626
-57.7268284519
-26.5985650627
-35.3520687342
-66.868087819
-24.1251946244
-16.9782692623
-27.2869347488
-123.941148948
-62.0500426078
-89.2998939617
-122.889057764
-45.7418213469
-63.6087353279
-74.8732529832
-47.9842289742
-66.5679653974
-43.4660932487
-107.562283517
-94.4977158282
-138.767298278
-54.9268382739
-96.9836888406
-70.1095996134
-69.6127485204
-114.70513695
-82.8428382628
-76.4320853205
-85.0820548967
-116.104414911
-22.164192584
-81.1397694669
-49.0622931768
-30.9880611267
-125.164627728
-35.1573774936
-39.8910568711
-66.637371771
-67.6212185023
-73.9436092373
-116.29430985
-89.9209103368
-36.0570582193
-73.8832265329
-58.3560121541
-61.7925918074
-51.4393600208
-77.4855432787
-58.0713219292
-22.2203583665
-82.4966289689
-105.734997685
-109.501747704
-32.7200642848
-63.0368545148
-72.9423706364
-106.735615684
-56.0287709589
-63.8748327615
-42.8787618348
-73.232952795
-102.506936115
-60.1195443883
-55.9289691763
-47.814916801
-108.035440087
-53.8542509431
-65.4933769406
-47.6983184486
-83.2437996026
-65.3825180138
-115.414003107
-123.386660282
-57.2568198796
-112.871002526
-107.742950557
-115.782440969
-77.5723083345
-87.6287766028
-105.196527793
-93.3841961246
-117.915285869
-121.475260802
-50.0687175702
-93.1473476222
-45.6282248286
-103.281646725
-159.561489269
-100.530332666
-79.16956782
-63.0217492411
-136.972064817
-73.1270394936
-105.470902409
-106.137556269
-98.970982692
-50.2308164456
-66.7156808148
-99.3345223417
-98.675485375
-106.613251133
-73.2050162224
-46.2091410907
-96.5252154001
-58.1368263136
-77.9292712862
-113.646732829
-31.4523359796
-44.7997391427
-48.0611317741
-47.7733813164
-89.4759405041
-61.8255760492
-64.5621245691
-123.750951552
-114.649176273
-141.717410838
-65.7743979625
-40.4427976749
-144.152065202
-99.8191663401
-111.346508664
-46.1481449895
-92.118272077
-111.154330811
-123.45748352
-86.6441156671
-70.8118974335
-85.4228159905
-104.423724065
-49.9374886127
-120.429657174
-52.2769521319
-102.132816627
-40.6814413552
-69.092107712
-42.5820205748
-64.3835601686
-187.901214627
-82.668583122
-83.0933655431
-71.6974090526
-82.9429152572
-32.4248329762
-86.8796420882
-54.2957328198
-46.2302285673
-23.5710162824
-68.825964299
-80.6965471284
-71.0087195613
-46.0500990787
-73.701797093
-51.683619989
-62.4162506852
-48.0584438417
-60.3672821974
-73.1563383044
-94.059208381
-53.2968298735
-32.056918609
-43.1032981189
-113.1301829
-30.6468470207
-64.7929162618
-76.7301886901
-74.0121915071
-46.959184712
-57.6149313771
-53.4975988862
-84.529736279
-72.442971861
-54.6365973607
-53.138835154
-66.9210364473
-70.032504696
-80.2962914026
-100.131698517
-57.3006358265
-48.0832062014
-118.592649775
-46.8168578347
-103.940456921
-57.5210307336
-35.4522624116
-41.0423183746
-71.7264982963
-48.3420957905
-51.9312606325
-39.5240329065
-116.073582704
-84.7529179484
-110.867553295
-92.9783935554
-47.3803327388
-88.7041276427
-51.1916745373
-29.9118518295
-130.089794091
-95.9212876352
-26.4377531919
-132.79680633
-84.436615162
-88.9602120481
-50.2325076931
-66.7855101451
-24.3810890839
-73.8989177357
-38.4272199596
-64.4719477817
-75.9549165281
-94.1765052217
-65.4388374156
-42.6916934981
-68.0716489079
-58.7899163641
-35.0011776293
-90.7492291473
-94.0023183977
-139.653413544
-70.8760371421
-47.8379782939
-94.0704144913
-136.42488593
-71.9882425713
-79.53078699
-49.6597925905
-43.4257641281
-44.2550987159
-112.362035113
-95.2654419711
-92.1923291775
-156.019686462
-84.8913921143
-154.041735944
-40.2298245328
-83.9982126387
-79.3551842861
-89.7950341024
-62.5592866502
-92.175208839
-75.4101619591
-94.5120820927
-85.3235184856
-91.884492542
-87.6041338779
-175.091285333
-238.623317321
-80.7156926855
-21.4839060559
-125.171946685
-188.315848156
-130.656925143
-65.5525330019
-107.109287832
-130.362808392
-66.9111755335
-72.2010094908
-47.460075085
-39.3941275672
-60.4736798019
-63.0063674352
-69.8507946219
-77.4341403505
-106.80287035
-130.546985297
-66.5397860972
-41.0220121354
-97.4418278407
-60.4794579934
-61.9739559901
-33.5165447876
-39.5017334159
-49.6028092751
-51.4262426212
-39.7341869161
-50.893704047
-108.557761626
-56.472440748
-62.2002322962
-49.0901243171
-196.436997347
-94.2537388307
-148.029565726
-168.172302998
-70.6472731997
-31.7538707317
-28.6585120143
-93.2886955265
-105.864871473
-72.8057011043
-50.6396696917
-89.1236459489
-117.777230391
-104.3644735
-138.555601958
-87.484151488
-47.7942820127
-90.3041653146
-74.0877179434
-47.8409632863
-109.749631309
-42.8946886797
-52.8523212296
-62.9574649986
-115.45557832
-120.906149485
-225.412360737
-109.596781877
-145.005982034
-91.2837863021
-138.429329412
-66.8768992125
-91.4025968381
-65.6531329071
-56.9199564214
-79.2474142976
-120.041563909
-62.2215636741
-43.5245340635
-97.1233034137
-75.6879783458
-78.4665439474
-106.045186891
-99.6726848917
-80.9399803903
-31.0250687204
-91.8629315722
-88.7998480575
-155.046326253
-57.3011078411
-47.9086009528
-130.206133806
-48.1309379609
-86.5499878018
-108.246942958
-65.2194230646
-34.2744607511
-34.1661949495
-53.5591233447
-175.885018103
-111.526175563
-81.6943314205
-131.040522596
-65.9795232394
-47.9126320742
-106.615334611
-85.8310483547
-109.902755024
-112.388716587
-90.9473562881
-70.5128431199
-104.174402837
-73.4600865862
-108.254800277
-44.7037445119
-80.4755764566
-27.2449038479
-87.6868911142
-97.7919642142
-72.061913743
-82.9404460753
-77.2505994385
-106.980960641
-72.1484775129
-78.6308702356
-50.0657685298
-32.2900259108
-108.315144983
-119.030591317
-134.642396076
-93.0494326168
-94.0885582907
-109.515915784
-43.5130204233
-106.560898498
-106.580275603
-44.8331492947
-66.8670465245
-84.8468637691
-25.8510590327
-104.557516684
-67.4711927917
-89.7369142178
-104.691303108
-55.7582088532
-79.3595287788
-97.0785871246
-74.9728841334
-57.5711858656
-107.029251473
-97.4271638324
-45.1121730526
-74.1131535797
-78.711479853
-58.4504486457
-37.9814923459
-84.8449024102
-92.75357857
-44.6640568989
-141.607142699
-81.4441246138
-63.0911405818
-102.914028461
-81.7342649035
-60.2306335177
-65.3357075027
-157.388555957
-61.8623772551
-41.4159037167
-38.8097011329
-56.158964873
-85.2238784658
-42.2494014354
-70.5323733111
-51.0992999773
-59.4849895018
-207.651489973
-97.836960508
-156.124915672
-56.49326474
-90.450845267
-54.640547036
-70.4778042334
-18.4033462314
-61.1722355976
-107.672241594
-75.4940256517
-92.5456294036
-46.4548728276
-43.7724224161
-45.7353923588
-28.6752830528
-46.9588420178
-35.0878361893
-63.9376094734
-43.6366320598
-56.0337481062
-58.0672425063
-79.7390264512
-39.7247428001
-91.3076903712
-58.216518366
-46.0446649603
-56.1164328647
-39.0823925196
-38.4329700893
-71.3914296746
-38.6471794702
-44.5468686214
-61.5420402652
-85.484270378
-82.5662667505
-83.8258073465
-91.4780533143
-62.8426011825
-155.169582952
-141.690955741
-121.566590401
-58.7819357331
-100.366960005
-161.214485883
-105.695686144
-122.776741724
-24.1537349737
-19.7425956267
-41.7418355942
-176.085134977
-83.1808519069
-47.5057473095
-49.5532182902
-102.060225712
-111.985396465
-83.5299620237
-52.7182335877
-68.4336729094
-97.3156526616
-20.512801336
-103.631286572
-66.8233461665
-68.8031010944
-117.451596876
-60.887181713
-94.6505777112
-48.2114524209
-106.32293785
-58.799615032
-84.0352417647
-58.6039691789
-53.846065264
-48.6594787345
-72.4293386728
-76.4717639151
-65.2991351292
-43.3700248906
-47.0733209479
-65.2657763748
-77.1408026808
-80.559651067
-58.8232848114
-47.6670092902
-65.0958011108
-73.5042879094
-107.668225011
-42.9122748633
-64.5652425334
-41.695372688
-36.0805112432
-62.6091344794
-65.8846912968
-58.5506546436
-110.665439817
-157.990258629
-68.0284233259
-44.3939196542
-61.4726720662
-89.2762963344
-72.6614236682
-109.853906818
-136.471363936
-111.870895836
-94.7429593113
-72.850525049
-49.3660663822
-78.3265666606
-46.6355975031
-59.3445672483
-135.421480273
-92.4553637636
-63.3050981784
-57.1858415159
-56.6920332962
-42.2457099318
-35.5232251977
-34.4715013291
-44.3775099545
-51.3269758103
-34.068618433
-92.9625329645
-38.5958299444
-74.7652823221
-23.9360081566
-22.5408540816
-27.3958613325
-71.4480567708
-87.8438860584
-65.5659735636
-53.4519508559
-70.7535724399
-71.8142473115
-49.9516177496
-66.7720558787
-50.6489537079
-97.174350329
-88.3499507505
-92.5125808829
-87.6015874849
-52.3725837158
-73.9094902661
-114.449343771
-54.4528638211
-81.2650019643
-35.9725942904
-70.5112819399
-28.8418297485
-37.4533634489
-57.7357301861
-55.3424029449
-117.579425078
-95.6158883896
-79.9077853174
-49.433760497
-84.6510522214
-45.1369207439
-63.7872950382
-66.2352914604
-55.6709023957
-97.978643279
-134.85551641
-63.6691069786
-52.9403185266
-27.721279449
-35.7766835419
-107.580425088
-107.01699601
-87.2409442208
-101.823375893
-88.2566769668
-82.2479520372
-61.0281724373
-44.8497059298
-79.3221218116
-31.6154999278
-28.8946548956
-38.4517288635
-95.5955240838
-71.2001542478
-87.1872372713
-68.7864446865
-38.7373031032
-65.5995557905
-102.189775304
-37.059748264
-38.2888566723
-48.5175207097
-43.1712705284
-62.1441596239
-28.7780533028
-34.3166305584
-67.1161537804
-93.3133442501
-139.31233776
-168.529082167
-33.6121140509
-99.779516466
-68.7344021327
-52.707840845
-101.088935232
-105.578433156
-70.54533418
-53.0332650328
-56.9116529518
-35.3850155321
-68.5307744823
-98.9867521069
-68.502165172
-45.8044257751
-86.7482541906
-36.9738786591
-59.7635340703
-65.0610500842
-28.4068092827
-34.0789640916
-33.7252053681
-54.8078732425
-46.323451888
-63.424730507
-93.6013594365
-49.0788036055
-66.9521992089
-34.2903004339
-70.6210490173
-96.8874596219
-72.792512769
-87.34885332
-32.2014730829
-63.8888376152
-52.3314361856
-120.585679417
-51.2085933529
-51.7856864522
-24.2675968705
-74.6991926885
-62.6603381545
-46.6005719158
-48.8489189731
-88.713052818
-16.7938695182
-50.5150328774
-65.4864542015
-44.6735238941
-40.0270409516
-44.6086015006
-48.5446691261
-39.3889555338
-38.2754407983
-96.2771545877
-115.39657716
-63.2545816437
-84.0144437996
-50.4046518308
-53.5987384553
-45.0248481926
-28.8914079332
-52.7384789819
-23.1211705642
-25.4878625148
-40.0317610972
-114.55683308
-34.815273642
-69.3593769478
-16.0281677237
-97.6542422209
-48.2230155586
-76.2895455097
-127.708595872
-106.67164619
-28.6159682458
-49.2641624324
-43.17370565
-33.8881835443
-96.0936104582
-62.3155932255
-34.6513950451
-32.5003486044
-35.0778777059
-61.2961766112
-74.6958260642
-50.1416322305
-24.773824284
-74.7818805805
-80.3453519872
-83.9420020188
-118.803441122
-93.4148090735
-89.3713641105
-55.1326829516
-99.1391643934
-53.4709022247
-62.8232759727
-57.1984198769
-43.0146825794
-108.574222976
-126.896144687
-45.5020089863
-21.105032364
-160.681309693
-99.6864013589
-55.3455755028
-100.056316116
-33.9636859367
-57.3460498575
-47.4151080558
-36.6139394835
-25.7803252683
-70.2973247466
-71.7968344536
-54.1767397463
-30.4771229047
-51.6035803921
-55.3211041952
-40.5209815486
-51.4044566635
-61.5918451736
-22.1834902418
-65.3979421964
-99.5029584118
-53.0675405773
-111.312573682
-74.2075328386
-69.3632599017
-24.3654480661
-29.7042340277
-21.7684527426
-89.5467160599
-61.6942959241
-38.6652987947
-28.757738032
-56.15018144
-72.1346027402
-47.799496384
-84.4322475554
-97.2294456691
-60.346201692
-86.6139958297
-27.2950398795
-123.073063665
-53.8829345459
-93.6301476382
-121.961194056
-44.5684347402
-91.9278776635
-89.1191926185
-90.0292946737
-39.2038107267
-104.067865668
-71.9534788072
-83.1110754022
-106.2690357
-88.5451175119
-86.6494442287
-77.7880005982
-47.4285199183
-87.6339107868
-115.54191809
-59.5359437885
-98.2212156918
-62.2175689918
-123.975894989
-48.8650431382
-121.472957404
-60.4743037204
-24.1240188241
-124.996600306
-71.4868307033
-27.0416545176
-61.3447779638
-60.1312805538
-156.775409055
-45.1524460861
-93.9596740107
-34.773885959
-109.009268368
-125.702893066
-71.8693525938
-88.2088292809
-147.904381657
-52.9460358463
-108.369257185
-71.1003938556
-33.0304658544
-73.7352121003
-123.493215842
-73.0226919031
-106.856446112
-46.7494957896
-43.2953830037
-120.878912394
-63.3396934582
-76.5706609018
-112.983409872
-123.765116018
-50.6789921108
-51.4060095315
-186.004311897
-32.7851505024
-59.7427388023
-27.8068735503
-37.0581323267
-142.792643567
-29.8819247574
-52.3845809717
-34.2264483758
-133.863665758
-106.202438711
-24.7655663365
-70.1981803867
-78.6091639195
-74.452206504
-64.8875929678
-126.339703488
-40.4587946868
-57.7664952332
-92.697294232
-21.7014428357
-40.4742645859
-103.863347749
-91.4663388562
-72.556558465
-147.286780389
-89.3979036294
-143.406177632
-53.1525563328
-46.4204404484
-170.549899022
-35.5182539381
-90.9835581861
-77.1245744117
-52.7152251505
-54.2064849587
-110.177357094
-73.6095749996
-45.5642706056
-126.027711958
-54.7618601683
-53.5429357956
-68.5007008159
-58.4595200568
-80.1255966661
-33.522818399
-99.2718459493
-99.9108035456
-78.8818240569
-79.0791080054
-51.2062215489
-65.3725534643
-22.083792177
-74.9898231433
-70.6741135599
-94.755063408
-44.3433293924
-66.2576545729
-65.8949523948
-63.2592037643
-56.1508239249
-55.8901035988
-70.7081500692
-53.5767740554
-99.9500957947
-52.9988670554
-72.1209765318
-44.2076937972
-69.6540693905
-73.9626141804
-37.4946825211
-63.2204354851
-52.7509332688
-82.0262948382
-70.5411551192
-60.6159468195
-25.8608806371
-22.3160624886
-61.2991772156
-42.5931120223
-36.3009975389
-45.8082826024
-116.060147466
-53.2166812973
-158.342436542
-53.3804124388
-43.8548689333
-68.1223200986
-34.0843725089
-81.4212963554
-134.039883312
-37.5017838882
-55.2600887308
-80.2765161263
-25.5183671978
-49.0092564519
-28.1420681302
-85.8561408843
-81.8502206801
-24.3701553502
-65.7654891046
-32.0811823055
-121.030199559
-77.0253490984
-72.167787821
-99.3594966901
-88.5947055633
-71.6195480627
-89.8304477367
-62.8011288276
-55.4930812818
-39.7667202947
-98.6455403209
-56.9508430362
-79.4486280943
-91.7787529265
-108.390424211
-31.7165886231
-71.3812371478
-82.0193359165
-79.6134138368
-39.9443333326
-71.8687699091
-52.6799223847
-31.9084106261
-36.2291787742
-54.5105629253
-257.785905997
-42.9896683373
-87.9733278458
-54.9431251967
-38.2702351984
-54.2337863166
-46.9606749513
-79.0188427378
-48.2095893565
-31.2438351382
-112.583670873
-194.446665301
-70.7682460157
-98.8619878155
-120.363907805
-56.2989933517
-49.1154013164
-43.5421336941
-97.5172084077
-115.699711059
-98.900767034
-75.7175958818
-126.835397489
-126.955707765
-60.7664804456
-33.8493875371
-97.6715860728
-43.7300604211
-30.4350562392
-193.026993841
-131.452015592
-70.2028053776
-40.2387436886
-57.1774721579
-64.5823466519
-89.6594633244
-54.2529232623
-74.3838304227
-124.605582057
-22.2283023981
-110.894755089
-22.2283023981
-94.4071348176
-120.176118951
-45.5604073257
-66.4549897362
-35.7043547556
-64.3354542307
-43.625938526
-30.9582240496
-117.380068034
-82.7773352093
-164.604996778
-46.8626208106
-35.1404601072
-41.2373637753
-52.8124071668
-99.083071827
-115.783568585
-55.3892130576
-63.2983111266
-26.1655416227
-97.8416612498
-39.9315849426
-85.6867468703
-42.3799806416
-57.3369302597
-50.8103442696
-53.3071718585
-62.1416740273
-27.7685613734
-33.8359146196
-177.345494421
-68.8308208807
-90.7993535126
-30.4901051742
-167.504139213
-31.2762759162
-15.5799547008
-36.1501468679
-65.5102062779
-126.042185002
-76.6983248622
-18.9576785565
-56.9930104701
-89.0351401528
-42.5089802823
-34.5835603288
-108.082108926
-41.4227768549
-85.2549265169
-78.9652412076
-141.217633888
-101.74990856
-49.0512205674
-77.1352531569
-78.6652677709
-85.5107422876
-71.5235634178
-49.0500781606
-75.4192463204
-83.839024961
-43.2002524054
-30.2606554012
-182.357627415
-92.1152956761
-106.980925893
-103.013441091
-247.069281975
-44.8049954652
-172.819237561
-98.4514858323
-80.8979997241
-77.8965301526
-33.8615881952
-34.620217626
-19.8530980609
-84.4832361725
-28.6301740996
-118.136883344
-55.0270704516
-45.158091808
-97.7565557442
-90.9833504623
-46.5175169758
-77.1230149648
-71.6309661058
-23.2014536511
-89.7185428396
-43.1302096237
-72.9315865385
-159.156618545
-94.6479965237
-50.1199042657
-61.4092996198
-73.6982291835
-100.284846724
-63.7103150629
-116.910351528
-37.596827172
-94.3315418659
-89.2300120754
-115.067180898
-137.812325812
-94.7826778989
-71.3905898202
-42.6174836672
-64.3579234959
-128.952885045
-28.7025290269
-58.4527937839
-37.1855136654
-66.3033756272
-129.956928863
-123.48560283
-72.9087775934
-51.4634390399
-101.359827841
-103.096905896
-122.022976455
-79.9526230327
-87.0544312122
-58.0551406894
-72.5658293436
-68.2095098372
-76.1459040688
-49.352661252
-82.3902436268
-27.4181857732
-108.490886307
-52.0567708284
-116.415994733
-43.005907351
-66.7952504409
-113.881854886
-82.169490505
-103.824287037
-73.932453193
-75.7466034701
-58.4398421157
-37.868908865
-64.5778528712
-111.198081101
-87.8896986932
-60.776554603
-83.2017554365
-51.6453239115
-60.7071854643
-35.5682725818
-76.8910008079
-58.7626574428
-124.776086432
-114.875467923
-85.6995440644
-110.514706815
-89.7360485772
-26.8175671359
-41.5602242092
-86.7666642777
-170.274597408
-126.537585593
-81.9335959428
-78.3832502815
-37.08935393
-57.9262883088
-53.947191448
-60.0496614428
-66.2129446012
-85.2900164654
-116.239156278
-116.697249908
-58.3648131118
-70.0921065171
-107.77159576
-50.1803632451
-80.1077815865
-31.750679502
-119.265198256
-119.548466429
-127.399655974
-127.264727158
-43.3898711023
-82.4946739453
-80.8210453199
-48.4223284889
-164.824720431
-45.7017816979
-80.9615016284
-44.0322310608
-65.9612129332
-84.9866241372
-65.1720220287
-68.2195144282
-101.875547683
-64.5579758673
-111.680800767
-58.8675214361
-50.6223554787
-69.6360585518
-81.5518081235
-81.0884230642
-100.090001793
-93.1900002638
-94.5087090641
-59.1283836861
-91.7625558881
-64.3616030789
-125.368637242
-165.68991844
-50.320042551
-77.5393789127
-50.2018440558
-48.5409719408
-75.088386526
-72.7354148168
-31.7343208483
-36.2301253806
-76.3805169757
-133.325192181
-59.3154494939
-53.0502017404
-64.2532522527
-65.7122935255
-98.9767702175
-90.1868879351
-48.7404063651
-61.1389457826
-84.6284967172
-51.8791981614
-88.3554349109
-186.656061914
-69.3929287169
-23.5616804146
-29.8437474392
-144.983595314
-90.5258526157
-161.934442006
-83.3753368521
-88.3312731797
-25.0651261052
-79.5099327925
-45.7616988689
-80.1464416286
-96.501656409
-78.090009391
-135.73747498
-69.2265225617
-84.8929496275
-135.689833786
-94.655448264
-58.5105487069
-95.0437979479
-56.8021729565
-37.9348518412
-68.5586156853
-120.230439532
-51.9565365003
-108.530682884
-83.4381627429
-119.79880859
-44.9502646163
-58.1565975346
-27.0540960915
-42.1251730652
-55.0820068869
-84.5064513025
-183.040680739
-71.1176224138
-31.9955474239
-26.5231359354
-136.882110317
-56.9171967774
-147.54868147
-76.258007339
-120.231407981
-199.881323545
-39.4655912218
-77.7779654125
-64.209054568
-164.063331177
-74.9892827062
-66.8018905451
-65.8333723772
-41.656896022
-85.2644319125
-107.693261766
-102.063507962
-75.219675757
-49.0110311781
-97.7623649154
-90.7802878898
-109.091901222
-33.9367980239
-159.669344826
-109.88656297
-71.7252208123
-51.9067608072
-94.1327799379
-119.729744263
-114.22657052
-73.0982150033
-82.5518519038
-90.8401932607
-29.3924454335
-76.7079343917
-33.1453303033
-130.662621724
-120.460968204
-38.2949301877
-44.4471084693
-84.4967278163
-47.9121684852
-110.32347784
-67.4250535427
-48.4560596054
-26.4316802733
-74.7098729861
-111.556078166
-43.6239551606
-49.2030291562
-122.743128095
-48.4534267049
-83.2251220998
-133.884701607
-38.0098741954
-63.7896612386
-23.6538488157
-80.0234406983
-41.4722588418
-128.308904493
-98.2411172963
-135.829965018
-136.692375287
-81.8879067764
-93.3620710265
-102.225223883
-52.2423389122
-89.3097746891
-135.789065653
-98.7430934474
-104.768390488
-86.2795541382
-94.8743205241
-102.29882608
-46.5920541965
-92.330094333
-107.934598028
-109.199333537
-101.126201755
-98.7077160819
-48.0722115562
-41.1802449038
-58.0792284722
-43.6363732933
-77.2934635455
-73.5472035169
-124.702398269
-76.361793192
-135.607287273
-58.4697290956
-110.662792965
-70.0924274187
-120.646239273
-55.1131125427
-32.0368626841
-66.8195754663
-111.980342582
-66.8368763781
-80.2546247259
-49.0039818406
-52.8302199302
-62.860190017
-56.6559869939
-91.9980703812
-42.1591769545
-64.2036551747
-90.8143692378
-40.2756177665
-40.6955166941
-26.6052286861
-67.6407122643
-40.5582704152
-79.9954104043
-91.2308627264
-73.7924719592
-40.2542952038
-83.6444827744
-69.3760487426
-86.4223313238
-78.6282963499
-56.6965657912
-102.112895271
-129.370445417
-71.0600755257
-101.452315075
-69.3963480141
-77.8211833047
-74.0324225489
-189.6768279
-51.7475190782
-77.4255736168
-148.635823895
-105.482956182
-31.4524509027
-81.5280987814
-76.1879649621
-87.2462099583
-75.6917427255
-108.46629921
-94.9184728931
-135.502263045
-62.0934926609
-286.863427671
-104.193286626
-47.661982199
-70.9142647483
-113.556583588
-58.6608217177
-53.3948881834
-96.3780359613
-38.6908926743
-43.289987727
-130.566289786
-96.9658804592
-71.2034515336
-74.0980341414
-43.6191171925
-105.575828113
-28.6980890634
-36.666777402
-91.6256007274
-245.639199598
-63.6121810757
-34.1681947668
-54.3153871314
-29.3550630023
-115.382031985
-67.9280515485
-33.3003465825
-48.6370609989
-59.7151877855
-42.7681495587
-76.5420453648
-181.429298371
-107.947856208
-83.9717706919
-148.885895393
-82.4266420233
-52.5524044361
-48.2219739801
-46.4827118098
-72.1409311058
-81.1648505497
-57.6517046906
-55.2866268553
-37.707299973
-54.3735627421
-35.9376081809
-116.225097999
-92.0976834065
-77.4708998196
-84.4253071086
-89.8676971414
-72.2842991945
-68.4128477542
-87.9892406883
-68.2770210274
-44.4969740221
-40.2428846438
-44.669103795
-109.827714856
-52.0946663081
-77.2621149992
-52.4944500226
-58.568285962
-53.9060035794
-72.3317900985
-82.830006917
-38.3554793856
-77.0909562013
-58.3863665103
-61.1287783985
-103.145643101
-144.803879555
-118.725322259
-131.252766372
-85.8863419428
-74.7232677805
-47.0433448011
-181.781682672
-113.247288354
-113.463224413
-116.030543429
-131.954518367
-157.40902384
-115.630997055
-104.99890156
-98.0160444294
-61.4069320918
-63.7554148464
-98.0719810293
-41.2764951623
-99.4483672397
-176.011944921
-86.0894840738
-112.884416828
-37.7961341319
-56.1397684547
-94.4676167401
-80.2447387779
-105.777782835
-47.5362017402
-47.6756076862
-103.752587054
-40.0157230927
-48.1559424867
-100.39007758
-72.5053387509
-58.1014821138
-56.1158906345
-20.0776744702
-140.141451909
-94.3314947632
-85.6196737223
-55.5141487356
-23.0479398511
-51.0909796616
-81.7439537974
-66.913358273
-54.2893877626
-52.2584104383
-79.8309409935
-99.5890543581
-55.0662386372
-146.282834407
-62.3507876724
-19.8445520969
-105.6751335
-112.309916483
-77.9023186087
-76.4820462425
-93.7086843541
-102.746957753
-68.5857445087
-82.4935580292
-82.9092177679
-45.39875485
-47.3241482352
-70.6216428191
-91.5214337201
-58.8571271393
-124.037784572
-89.979149649
-76.3593879581
-68.1711729388
-50.1054182417
-44.8286270723
-36.8241804591
-47.0936099957
-41.6537543756
-48.4100636788
-49.5656727827
-52.189036857
-49.9917449811
-56.5843187632
-29.9838439474
-76.0023286555
-45.5628096587
-52.0848668897
-56.3207299555
-48.3232838815
-82.1249023633
-49.0293441515
-108.145163987
-60.3786587638
-43.5237331331
-34.7787277816
-119.068929151
-48.1342870267
-137.550780087
-157.141790604
-82.3996661659
-28.2704409342
-64.9027127297
-22.6169378123
-79.4064518958
-70.0315204973
-154.705333776
-53.0657367482
-28.0650777912
-29.3002010023
-77.5030745751
-65.3258454807
-46.6603192383
-83.7792387314
-122.146691397
-66.242358879
-116.099086158
-80.5884961827
-88.9438340772
-135.959367737
-140.935494395
-35.2653154906
-47.1019333075
-129.970974624
-22.2806094936
-59.8768481674
-64.3122814452
-82.3520438984
-82.2084904111
-187.297091043
-142.210146027
-39.5496038261
-116.73376013
-66.6801299278
-118.541546235
-39.052393002
-26.1575274341
-37.8594214976
-69.8668233111
-50.5192291979
-27.049016336
-40.8289088221
-35.8035182597
-49.4017781178
-93.9596449338
-116.023115569
-38.7154953525
-46.4935345343
-82.7210474971
-66.3815616533
-93.574883289
-70.3728484794
-61.3061993731
-74.4229733742
-105.608713078
-69.3534533483
-85.7897452819
-53.742156444
-83.6660141584
-85.5323643836
-43.6868827001
-121.142013375
-72.7800981187
-54.2392018042
-124.623100006
-19.5769444459
-40.8007241579
-78.050984586
-63.1589137189
-77.5764894505
-81.7514466886
-73.6309957892
-31.7501984192
-140.147317428
-42.7432221415
-30.3944080758
-61.8886259078
-74.8416923142
-75.5030869935
-32.3690727676
-52.6525355807
-91.6172057089
-50.8038388711
-43.3704155629
-89.4598258233
-73.937549395
-49.5341128553
-108.066925719
-80.6820813382
-77.0228903676
-79.9578355785
-37.8123617585
-81.5033586573
-147.61978502
-164.241547973
-54.5959144991
-80.2862961938
-63.9686425897
-70.8458484297
-86.9951529121
-42.6205755488
-69.3665522705
-33.4439130381
-100.357780567
-49.0008398638
-43.8001799971
-40.7901804373
-35.1969013764
-77.7085667374
-68.4094810768
-43.3188463428
-28.9773368251
-68.1261460235
-73.0591330003
-80.1964397191
-35.5711892442
-34.0209809184
-52.06764882
-52.2249197695
-81.802431623
-75.8141773349
-78.9793170216
-61.2618793397
-35.6345477276
-64.5279340643
-108.025202961
-76.4266071555
-32.0325443988
-68.7075203808
-61.239940013
-60.1467328352
-43.6834055008
-134.172254442
-62.7293681568
-84.8363878798
-130.033565797
-70.9146286512
-75.5302179167
-122.72627695
-110.13872845
-96.0025469085
-122.734612067
-102.608202033
-73.4239048656
-67.8589420584
-129.46905649
-59.3878665774
-68.170833542
-53.6063274794
-194.886752223
-94.23594822
-54.6121300396
-42.9949034451
-127.605580396
-91.6672633447
-98.6046510815
-67.7798443906
-84.5313484885
-44.8955185348
-69.2480468779
-134.937245457
-42.9342895689
-90.4621179382
-151.317884783
-68.8734606995
-126.174643533
-78.4587886639
-121.946583773
-101.196894312
-75.7555040858
-44.0476214427
-87.9567310477
-53.105105877
-58.6022711983
-20.7618243055
-42.532707156
-92.6226016225
-113.641686216
-57.4279583682
-149.915474414
-129.264281778
-76.2399271751
-64.6759588675
-100.95417294
-44.2416663669
-60.8776702772
-67.1337229436
-54.7412493509
-99.3137942275
-158.49368248
-68.1200197625
-33.6985549119
-38.2681204123
-40.6220555022
-65.2257437129
-96.7679548181
-96.7050584875
-132.058522056
-47.7314871085
-42.0533216909
-86.3778206731
-127.280111633
-115.384463785
-165.07891646
-90.8235093677
-87.5743476537
-125.116990232
-67.750886227
-91.7583624778
-129.811824479
-87.9913182618
-74.4634295381
-148.631351643
-87.5894046172
-66.7563446836
-74.0015932395
-60.3962714787
-73.0977440856
-121.85823098
-39.1142661785
-38.314961272
-37.4178905047
-75.9751401039
-33.6759743915
-51.9773793361
-32.4876971022
-41.8529805382
-64.0071421565
-42.8143424704
-53.4574382184
-58.4215451571
-20.4623761636
-33.6493506385
-36.9734481167
-51.3761797981
-53.404522624
-35.9667857245
-21.0382923721
-31.4841399616
-87.5110040151
-32.1482419672
-35.049846685
-101.038674491
-43.6304069407
-39.566564803
-23.3135773431
-38.97768235
-53.4784284416
-65.0416374962
-27.8476796196
-50.5394338436
-38.5978580359
-34.5740051482
-57.6847175913
-25.7335590966
-40.2490576497
-44.6575485754
-66.7878784831
-74.8679427304
-34.5698445494
-55.3354222048
-83.3069248527
-136.190511431
-51.827346454
-56.2500150859
-78.5330298814
-68.5182532382
-118.449036672
-82.134476828
-52.9341805725
-80.4381397244
-55.4155081613
-320.010870142
-85.1082396736
-111.952983016
-152.404585558
-155.715203442
-50.8254843085
-166.779928123
-192.658255305
-109.174331094
-140.893595353
-78.3740187443
-142.923562391
-100.894644979
-86.1014425511
-26.6021384977
-42.3920473725
-136.986751594
-98.6300244603
-127.423087339
-86.6667358564
-96.986507454
-109.862761365
-76.1504925793
-69.7594173227
-50.6757062148
-82.9171489548
-21.6556486545
-30.4438991837
-46.8380017554
-30.9547879073
-32.2203096222
-118.374544405
-99.5731521399
-177.979457606
-59.9539197742
-166.819449718
-79.412154125
-114.16421341
-104.480388122
-78.5264584775
-72.8456942612
-125.946226378
-60.1651858888
-56.8040734317
-109.543539563
-80.8558522665
-55.4406125868
-41.9200720199
-29.7133148172
-26.5526961737
-99.0518171844
-29.896899308
-33.020149211
-53.6533092064
-58.1772054543
-59.0965959008
-40.3589651548
-47.9383764202
-36.0342927539
-51.997164185
-54.7145433752
-90.4589197873
-81.9442345742
-88.6622683636
-48.0819407885
-83.968920167
-30.9214245081
-28.7289091628
-118.948154137
-155.507900852
-91.978090407
-81.0914082039
-110.129728948
-41.7917858966
-137.295165771
-113.436933249
-75.4977806273
-63.3121552497
-64.279935827
-43.1113482335
-50.9571718015
-43.7909823951
-28.4802529015
-31.2051283959
-34.6986932287
-70.4396003446
-98.1472729533
-44.8127868305
-74.3710129423
-63.099589756
-37.7285511336
-30.257833244
-53.4632896311
-132.554930652
-114.613871372
-34.7941413439
-82.115847733
-70.4457467697
-83.4639825178
-61.4930734509
-123.381654347
-65.8218817362
-112.719866031
-95.6498218506
-114.575865912
-65.7000853938
-130.814106918
-79.3506437259
-44.1240189214
-40.280866131
-67.6810418495
-120.845086946
-80.2488414846
-105.089088214
-76.1290202951
-63.7990309431
-65.135681912
-101.572223242
-69.7605400427
-92.7288044182
-60.7540845262
-91.2144889055
-90.2266880915
-123.844349348
-75.6133498958
-102.211295547
-27.6188294565
-111.252984482
-36.8202762266
-74.035989227
-60.7774343223
-100.826813935
-40.0785422175
-63.2343711735
-63.9944866694
-82.3495601867
-94.3697806806
-83.9137706362
-92.3231222552
-68.6401677587
-95.2699513977
-42.3742299765
-105.045561668
-101.44299699
-68.8714936919
-43.9590266556
-106.616156278
-53.0743693006
-83.5041014014
-70.6947870417
-20.1941016024
-86.8434775066
-64.2572901256
-39.542353444
-56.0826885253
-136.73674821
-114.408720634
-69.7189558644
-70.924979119
-89.0014781011
-82.4709585472
-77.1755105137
-39.2609100106
-107.334561467
-69.2578366433
-125.391020519
-78.271922362
-127.82262148
-70.2385727494
-33.6694669258
-61.3733047863
-120.908937063
-28.6361816953
-63.639584168
-68.0550829592
-75.9768714971
-101.686155892
-94.7987558018
-77.991641332
-105.404743228
-118.758480319
-67.17162093
-68.8596616785
-154.124060251
-95.3554420639
-65.5872635167
-64.0635169468
-146.605423542
-80.4672635621
-117.907401691
-29.1123339471
-20.6859535761
-58.7226736097
-49.5965687475
-38.3179588903
-27.9339915302
-72.5984288267
-70.8856260281
-54.3666040626
-37.8135338176
-53.603290568
-85.8950941901
-80.8793581577
-65.6117964713
-50.7171073959
-49.6697241591
-101.758633608
-123.627404616
-39.2839655757
-81.8143713072
-87.8817147164
-71.6721508033
-39.0121370108
-94.4683310192
-45.6669673965
-83.7437987738
-66.3913581787
-63.251765605
-67.5653621423
-82.2867499453
-35.2344434589
-52.8461213716
-53.7397146768
-22.7175706855
-53.1585237807
-95.74614583
-60.8399656706
-80.8124632879
-42.8554927171
-64.2152695156
-24.2149736581
-49.2259779933
-44.9418610442
-70.3612140297
-39.1568968502
-64.4981347492
-54.910508288
-52.5533472029
-64.5231378998
-37.8181636723
-25.2220255975
-29.5927716056
-38.4457407673
-37.657046905
-64.6998854193
-33.3279324873
-48.5229007992
-29.7496843348
-47.9356147359
-52.7787462679
-85.4215310594
-55.9281838671
-114.687063512
-119.463993393
-93.9486379805
-73.4476589421
-129.522312941
-55.0108109096
-91.5033911981
-68.9943114681
-65.7965250409
-95.380014785
-64.8740684214
-73.9304592224
-27.7461193967
-55.0832416064
-71.176942545
-53.753075579
-57.0607399697
-91.2776666657
-62.2315811977
-67.7585230906
-32.0763098466
-73.8126972483
-61.7560258666
-52.6977117324
-53.2613815763
-76.1110398092
-35.3477723494
-39.9844113931
-45.3221126561
-66.8252668993
-64.4530097701
-39.7663887835
-76.9404881739
-55.7845406393
-55.8206454403
-79.5058010587
-36.8517562646
-71.9745532896
-121.838136939
-49.0980953773
-102.794697216
-40.8512879402
-77.0826366055
-64.8617304349
-23.6479920942
-52.803967728
-39.444747457
-66.0564214986
-41.186744127
-67.3346761576
-112.505572765
-88.8074405784
-73.0287732299
-62.5136324777
-56.0258497318
-73.8968069975
-54.5290174557
-82.7413998276
-74.273305776
-81.4366500985
-49.7453857593
-93.4964358393
-51.6858892214
-80.1558118056
-109.967613539
-105.879430984
-62.6871896714
-42.1246273322
-54.1726742661
-114.968348623
-81.923021213
-107.58151056
-47.501357185
-26.520321864
-62.0306239707
-44.2746488501
-44.2697236529
-36.0351698106
-98.6238321244
-101.188973822
-154.9118068
-39.6932101475
-17.946595074
-58.4453836237
-18.6531415008
-23.2020989108
-64.7230948477
-76.5427266884
-35.941295336
-26.2022564426
-27.3107801212
-44.7544260221
-152.801485286
-56.3804839529
-81.7087282832
-44.1259976895
-120.407769937
-25.8705190364
-67.4019042149
-76.4185354904
-111.451497351
-174.486945922
-35.3667102493
-86.5805570147
-63.0013130564
-21.3604431361
-49.2074174504
-81.3654859828
-76.2568982301
-104.513308174
-54.8147026647
-121.397162182
-73.9697347159
-108.293194128
-66.7040338659
-57.7650656466
-22.5469865765
-49.6439554631
-24.8386268553
-74.7132860213
-51.155541422
-60.6030602869
-38.15396682
-105.97328139
-65.8149531238
-145.610048054
-111.419146761
-81.203287377
-119.937608758
-54.6808648823
-44.1746622004
-68.8601698002
-150.488128607
-71.4952118009
-109.537032013
-66.0872549563
-112.886773203
-41.6865331713
-19.5480198782
-62.3164517721
-47.4135760456
-77.6942883063
-117.107926484
-50.8199895162
-118.754352285
-97.1716222914
-69.1003001126
-112.279629195
-61.3685252007
-90.5391596552
-53.7777498661
-55.1857454371
-55.6115566444
-105.236564315
-33.1603205257
-58.6208163789
-102.531337635
-65.3476522528
-103.001860927
-97.7660171861
-74.0097108647
-50.6600246218
-73.4330440409
-72.02844568
-64.7113145766
-74.8985013707
-42.0896802625
-42.5104293955
-79.9077990177
-74.0064815312
-57.7132266097
-39.2263106547
-45.3272141038
-80.1596507939
-33.9461734209
-54.0197715558
-60.1497470034
-58.2988000461
-53.0575469596
-44.8021025213
-75.3052565925
-88.2932237801
-43.3060012125
-69.6397534189
-31.1113854145
-51.6789108215
-86.3292911663
-30.7289051461
-69.1678300779
-80.6702997495
-66.8194268122
-46.0866551981
-52.7250822259
-149.180973914
-77.9021241397
-59.6183078123
-87.915715389
-61.3724325509
-146.646088117
-69.7026076727
-73.8023467016
-79.5050386736
-50.4059326447
-66.8131913756
-114.273625358
-56.4449293481
-69.8161909878
-36.4415437062
-129.343716028
-113.871185997
-101.608530755
-101.885620219
-82.9695093275
-247.720340704
-68.7868700148
-89.7889156277
-98.3897398622
-83.2628479509
-80.3526197737
-99.0243133672
-65.7474833046
-169.632843309
-97.4986293609
-79.6078930327
-97.7216531202
-63.9277322427
-48.208809808
-96.5334417774
-71.9490370707
-31.4973512287
-45.5187677942
-59.492365596
-111.928902881
-101.074057564
-53.2478762396
-80.6026185307
-67.7819266318
-55.31120787
-102.594898311
-62.5860797134
-48.5457254877
-63.1519817506
-87.7689379075
-112.184899348
-202.094084218
-35.9612450825
-252.775592607
-83.6864145679
-100.898899162
-43.3801223768
-69.5215477868
-105.824560721
-85.6698403624
-122.69809118
-70.3894983545
-83.8099346709
-121.18705182
-103.035107129
-175.68543225
-136.432649551
-56.1670157022
-157.009937401
-159.407233299
-82.7844469471
-72.8705312181
-56.2993370249
-68.8217714692
-85.5934462628
-63.3806212009
-108.923615879
-40.1026713788
-117.295947474
-95.4138915368
-141.932244927
-36.0796038564
-73.0177542208
-68.8567525006
-100.640651153
-128.152349663
-43.6552718465
-39.9199748912
-33.2939871666
-49.6967143929
-62.4239500122
-65.3298641702
-64.2532851752
-28.7718812443
-47.5311034526
-88.9995899421
-34.381365745
-35.6317663186
-55.6824875019
-60.0182790665
-66.826882076
-70.0309807429
-159.060532731
-76.3153406287
-43.9343681194
-50.0952633619
-33.5970473235
-64.2313067195
-150.04621738
-73.7889483914
-64.4886197215
-57.3218136409
-98.5032059172
-81.7323596583
-102.642965261
-37.6600668964
-23.5980104837
-35.3881378182
-25.464394089
-23.0559320729
-32.2988877742
-70.7598053094
-37.2523465165
-41.8890150298
-36.2055060218
-43.2215187035
-28.58371274
-33.1638590932
-37.3992851015
-63.6517019338
-33.4021543319
-28.0558197229
-84.2089883398
-13.15009904
-40.1490459749
-25.604746914
-26.8272513812
-33.1258171227
-32.0364629006
-19.2063585978
-48.2519803408
-20.9721465457
-17.6737926679
-21.4009848719
-66.2277601132
-35.9128250582
-27.9460552939
-45.2373120161
-26.1143491044
-30.1555307847
-58.9396709546
-48.0412860075
-42.2442178207
-50.5404812506
-57.6189581744
-119.974881564
-70.1535221111
-46.3208428918
-108.540210183
-76.3350556431
-71.4785942628
-96.4441636727
-68.9023473901
-46.1029272601
-73.3601814269
-64.8435257429
-43.031117449
-88.7282897142
-74.304300954
-63.669867711
-86.1225661017
-66.3603496535
-163.733210752
-87.3159538254
-69.9151479065
-93.8407804081
-119.380401573
-110.086294161
-211.724959448
-118.277882594
-200.331274591
-150.888909993
-154.261565125
-83.4678868273
-53.6058309122
-44.5596596154
-78.4966366064
-62.8886913447
-74.1885555673
-58.4697982115
-137.701175101
-89.4388944167
-91.5184241853
-81.5028465199
-117.42418891
-52.6681087635
-48.211973939
-74.4189300731
-72.3661163207
-52.4473807212
-57.1331106285
-109.757909605
-46.3258907413
-76.8072913069
-107.672874734
-66.1271733719
-79.551742643
-82.2767765932
-47.5603507024
-51.6581038776
-76.4393588748
-73.5407198371
-104.943194121
-57.1368926462
-128.446206973
-57.4095994367
-24.0996476591
-71.0531191895
-37.1405684669
-35.6331809141
-84.2168557244
-49.5246585527
-71.9968996702
-119.218933259
-119.877519782
-26.2154833958
-35.3430661594
-29.0756391191
-35.8452805081
-81.2618799031
-95.4101905993
-52.4285584851
-71.4355881181
-118.636248211
-119.870819302
-67.8197182265
-36.4408349035
-37.1818469085
-43.5056245132
-91.677292509
-90.8584772181
-59.7236365916
-41.9034358308
-45.6731540546
-49.6076188838
-77.5638563731
-106.029311503
-106.321742784
-63.0707371277
-64.3128465208
-135.086547989
-76.2350387655
-65.3545287461
-36.4396278666
-101.647625659
-78.4624919577
-89.0716816961
-45.933374384
-108.143860012
-146.74379796
-71.6526783135
-39.7676714743
-45.9481438833
-109.062973444
-86.5034270473
-70.6334456834
-103.358526752
-107.882545787
-212.238509282
-117.5658011
-57.1321318598
-106.101921194
-72.484298829
-80.7880910894
-61.8798304495
-75.8489305587
-124.882275762
-104.664181514
-125.983742838
-63.0973511303
-34.4393886183
-96.7991838578
-75.0625869337
-113.034522957
-60.4130073004
-82.1935577302
-75.1765230801
-147.669988405
-78.8475817612
-72.7398528019
-96.4845482943
-71.752024267
-54.4776613587
-87.3177817679
-134.957773933
-65.5094294733
-42.6654004484
-88.2316739906
-116.758263694
-115.692665396
-76.9414131019
-47.6514550639
-59.8706029886
-126.22409162
-104.117660154
-64.1100491051
-27.0655377292
-73.7254065668
-93.1952253916
-124.796175904
-123.728251979
-166.972793082
-56.5895901558
-36.8860454605
-55.1674566936
-111.605845551
-82.3025080691
-92.6417985972
-115.725829992
-72.093031507
-67.3423608323
-114.753116784
-81.1905395892
-96.9414202176
-49.7338320968
-92.2635938835
-66.2463228631
-148.691862504
-98.0551923111
-105.226730925
-81.9106935999
-36.9503525418
-89.161972041
-93.612221479
-131.763235142
-67.8654027394
-92.9684399039
-51.7928079639
-83.5407463048
-134.90288191
-64.4502294652
-110.114798585
-68.0399834017
-45.7639716365
-94.4995000333
-129.615524048
-58.9041839822
-121.877153582
-48.4535051022
-64.2181119025
-81.5920287401
-68.9217023907
-125.303062363
-97.1658624516
-142.518307011
-55.9518209285
-82.0890646517
-104.692764565
-68.428256931
-36.818320804
-103.722778047
-183.325448666
-71.4712252439
-65.4962262615
-82.1061575339
-177.471879864
-147.025120631
-124.407163939
-322.984487736
-176.194736675
-161.979103443
-151.895849519
-110.777735353
-83.5817705337
-83.1528135975
-50.6516889035
-55.4488145602
-64.0823995733
-166.6113048
-166.351116878
-50.6983227576
-43.1918016324
-157.397138563
-105.540278913
-114.573268318
-23.8570651375
-119.136267449
-111.193784716
-104.510955299
-149.578400188
-137.077486948
-97.0082827979
-149.010701828
-46.5766729602
-111.686789443
-82.568500021
-64.36443929
-80.261944383
-99.1224237806
-78.2342135024
-67.0522343387
-180.205546074
-73.4692201594
-107.193567736
-130.817613932
-147.970493967
-33.3765814743
-93.6208507581
-94.5074984135
-110.112686374
-89.9149217798
-97.8580545691
-61.9106867555
-17.0334455669
-89.9483471513
-120.616004073
-105.553968715
-59.384754129
-45.1727679382
-99.4304950536
-77.9954693407
-86.4982364718
-49.7788965014
-131.936388093
-69.576122046
-53.6539336183
-49.7079642813
-105.893689322
-55.2810290221
-148.430965927
-108.957589508
-44.8905132609
-54.0596833376
-107.537467062
-66.005185782
-162.914927812
-46.8465408286
-77.8566511717
-66.3294092942
-220.194376476
-50.0863094788
-81.0115104675
-102.882016538
-92.6775817742
-37.9569617556
-82.041481891
-85.2555010089
-55.8643208015
-52.4169522144
-106.598572055
-50.2647715708
-55.1858979656
-72.0892716637
-90.1176479453
-24.7430635466
-161.660954506
-52.9668321203
-120.351330404
-65.0353586895
-143.39280791
-49.5210341098
-27.1002888895
-220.628169572
-218.531943206
-45.7428424005
-165.595124756
-180.322293963
-128.610502941
-197.940228589
-31.342166352
-28.3315001685
-107.153864578
-59.5403522123
-97.5208894798
-23.911123129
-50.6850672048
-33.2719988363
-43.4931291167
-55.4636089984
-65.5484251984
-51.487490367
-88.7341148621
-41.0535256361
-68.760545651
-81.8413343199
-81.0949322831
-24.890084072
-179.418658309
-66.7057215057
-71.1543297297
-31.9970624504
-53.7839512161
-44.3535175712
-108.096096789
-24.5306395398
-106.87325456
-117.161537843
-87.4828934343
-82.5109151695
-141.859687013
-22.4443622051
-61.246792276
-119.677858153
-73.310196629
-37.5949892295
-180.52809884
-103.121141101
-36.916665069
-145.611223955
-196.707684092
-67.5017912135
-158.260596819
-125.628640132
-77.567300321
-69.0432155434
-63.03416778
-58.5368730638
-19.9649880481
-134.641424192
-108.356379651
-94.353026877
-63.0709777823
-84.8847390384
-49.3763501053
-144.506753148
-20.5696258314
-58.827392408
-88.7725211986
-138.025668645
-56.5023479033
-71.7580586197
-154.255189835
-122.972570263
-50.4092305106
-139.056891281
-27.9397910603
-49.7511608036
-13.3392626557
-55.9798745292
-122.433820145
-67.4989162405
-22.3897337989
-58.4420644041
-68.6960590182
-131.887948135
-91.5588620523
-69.7074883199
-48.7905584671
-103.408214339
-113.078823452
-92.6531782235
-73.1344528626
-117.097049468
-71.6727166433
-107.166755914
-102.563897962
-52.640620424
-44.4503458548
-53.3599876157
-70.241657452
-132.27343133
-82.5539167471
-73.3321452677
-72.6557960643
-89.5027464148
-171.34087595
-55.1648931938
-110.550651282
-66.4852905399
-157.513161941
-86.5066829131
-112.815716574
-56.3026451499
-39.1508012723
-47.5128006134
-150.163448515
-15.7465501704
-34.8423095409
-85.8298872554
-63.2816835359
-89.9199500305
-93.5989657444
-77.5119632696
-81.2301185449
-63.7021268004
-92.6215940214
-71.7764470394
-132.6528246
-56.0816445064
-137.140427843
-105.559450254
-104.838407299
-108.43159893
-96.5176408035
-109.214958492
-80.7549081215
-101.257558865
-30.5233110852
-108.702312786
-87.596255871
-71.1799566981
-64.0349454092
-27.6456188429
-114.391338857
-205.104082967
-86.4642303388
-71.5123840632
-59.2639233813
-50.3802140337
-73.3041745005
-66.3157274765
-73.1427562238
-69.0006004343
-90.949709655
-69.3370157713
-48.0915613393
-138.018620465
-233.565900639
-42.7800231046
-95.1747232519
-246.043740759
-85.4199599863
-79.0726434214
-79.8233387604
-68.7016402898
-115.82594552
-96.5256857421
-120.329045527
-136.608438849
-90.041445196
-79.1339759841
-69.5242549219
-28.135871242
-32.6503534537
-43.9794851551
-94.743798021
-28.3438081427
-88.9963703117
-31.9058609076
-93.471253059
-60.8316114809
-62.170639085
-69.2334861603
-96.1777762579
-83.6494348893
-74.2001650783
-36.570958743
-65.6435554665
-51.9850826835
-49.3178740141
-42.2537438381
-41.1105697673
-103.789083703
-112.368976176
-81.7272819189
-64.4994387343
-89.0393024317
-63.8079652252
-227.913171872
-19.4505682004
-50.8941416658
-339.719559537
-72.0739209382
-53.177516049
-89.4900490236
-99.0874848973
-102.809121506
-91.3357463003
-31.0788515894
-68.2793450189
-135.54607075
-118.685707195
-73.6329166897
-38.2058258333
-46.3145059421
-85.3694964203
-51.8131053284
-39.1327599804
-86.5940340321
-52.8435053484
-55.8910011146
-93.4249666924
-48.1586418104
-44.896541166
-56.4838674274
-107.718018583
-109.827788411
-141.670952398
-116.375821226
-94.6603928471
-87.2860076185
-75.3061597258
-138.744925883
-104.967775265
-145.338255103
-171.085646754
-46.19994307
-37.7338288089
-85.3658803059
-62.7977934677
-31.8387359108
-85.2245559067
-90.0384633243
-53.8558638814
-83.1931986529
-47.2015733222
-22.2121613117
-59.9187482236
-33.0687424372
-78.7801471182
-71.1053143998
-70.7404778412
-21.4186218625
-32.6130258346
-22.4550745127
-82.149395152
-113.046627286
-87.5501200326
-74.5779590846
-22.2552453226
-54.4476561425
-69.9961823409
-38.5430078558
-32.8019929102
-69.8641246333
-23.2386497984
-58.2410031963
-58.4111322243
-35.8137286516
-51.2621765213
-95.0343233666
-73.315181059
-23.7547561793
-148.799946269
-58.0683548459
-18.2368198207
-21.1490059697
-42.2365736596
-25.4916408845
-180.73833499
-28.645655721
-16.9506430532
-103.346748486
-31.8881307265
-59.2117539176
-45.2999484828
-111.998963319
-111.577673281
-63.2559086232
-43.5662163942
-32.9284912259
-51.8659132803
-126.479417423
-60.6778070676
-54.5651554988
-80.2807911616
-78.4972888683
-156.152085159
-51.3553014483
-93.3317305249
-62.2406181144
-35.5022110713
-77.3019840869
-91.7349910773
-82.1597410435
-63.1074074195
-71.4587238701
-100.461415672
-96.1845986346
-97.9990550006
-81.5008951502
-70.8764285084
-133.357249529
-138.609757464
-73.0863016709
-109.322988583
-32.6358446974
-33.8725595401
-116.85902746
-48.2166976057
-65.8968302574
-134.550069799
-188.385153463
-116.767140057
-82.1655138691
-64.6919570553
-89.4862418127
-114.239239186
-139.445905597
-101.1158711
-37.780955442
-21.8873357893
-33.5958911679
-48.7879488235
-82.4486466391
-23.8179975098
-21.992387896
-79.8609103793
-144.865295465
-121.405406147
-140.015542496
-62.4028755005
-70.0258839096
-81.178554865
-137.807901909
-81.9480252088
-56.4990457495
-101.328228816
-134.079925828
-60.2616715249
-61.0543979314
-50.8337097104
-39.633512209
-88.1531940313
-44.0014646091
-51.8477077699
-63.0437470148
-68.8871156335
-110.027029508
-69.0962379576
-78.5964263309
-43.8258550658
-56.8121964045
-74.4618323925
-77.9337424118
-68.8607763125
-73.0063448604
-117.749684158
-76.926978071
-66.6056528654
-72.1553413611
-64.7107573675
-31.5609186476
-75.5509702118
-64.3375789099
-51.4878658702
-106.783028574
-83.9540250075
-54.5409571225
-61.6620873278
-53.779842286
-95.0133497631
-81.0107502955
-109.796794444
-58.4227684011
-47.225451722
-69.3088523383
-40.0032479342
-32.67499006
-57.8090552027
-167.395409971
-118.387987962
-76.3092372132
-56.4846043494
-109.893582455
-58.8761172966
-74.6350050447
-125.158647773
-79.5928306377
-94.6903444601
-91.1786295221
-73.6416348042
-90.1363258747
-87.2304802502
-73.9388001353
-38.7194049803
-26.7428221978
-33.0338932816
-171.644461823
-55.2031636346
-44.9572155613
-53.0284662267
-134.044774383
-65.9078748853
-169.704928204
-94.3944486991
-52.8927335113
-67.0748801056
-216.605520703
-53.9404293468
-29.3770492781
-111.906121808
-71.9807563497
-116.712571367
-114.633043833
-24.9926226386
-49.2333854913
-35.5003791926
-83.4702990301
-71.3781586182
-54.9210488713
-127.70070512
-66.7605426576
-79.4773730959
-58.3352750169
-87.6393863765
-66.1617005908
-90.5086620486
-36.3044490724
-19.0874218356
-101.46315508
-37.5423556931
-78.7017610004
-94.5951324647
-24.5314700388
-72.9546850761
-106.001039974
-73.1524960112
-89.1035718484
-45.2774776157
-106.312087285
-66.5543140196
-69.0208348176
-121.054789039
-75.5111630426
-105.145582354
-63.7460623904
-41.7843874621
-75.3163327236
-45.9165073292
-57.674618947
-71.6899000673
-43.1681420011
-90.5080539825
-75.6471631382
-255.201126451
-137.322840099
-47.8162078844
-121.697098217
-72.2402521595
-35.9399217782
-111.943296117
-58.8185928186
-95.8047038806
-97.1408204217
-117.582459364
-69.315803935
-32.8624152737
-22.4574017161
-109.631645574
-111.737703131
-71.0680167326
-139.628067659
-61.345840544
-176.009458034
-36.8063762019
-77.8160313974
-141.104825819
-64.8655868981
-139.673704056
-128.996457874
-52.2814130953
-155.064373064
-117.508274912
-92.9472175763
-90.5724639672
-48.9826030535
-117.70144784
-124.963796409
-48.5319070359
-36.3775597083
-105.144617474
-172.629907452
-44.1624433694
-89.2183975111
-223.798369547
-129.390180677
-91.5283366095
-34.4349528629
-135.024834665
-151.191657289
-67.652509914
-31.28751482
-101.853945
-68.0181348204
-33.0766465859
-88.6135146229
-148.503956975
-71.1815636844
-80.4601877183
-33.9578153527
-99.9533556216
-57.5282350443
-71.9282578306
-124.25781042
-38.0431781091
-59.7520727555
-78.9617129436
-65.0818934172
-67.3016602566
-93.3191060478
-81.659029273
-52.6013967024
-96.0901391658
-207.400319684
-86.9006336647
-105.955700322
-104.219352939
-135.199823361
-50.4733839491
-114.090294004
-79.2416896463
-52.0735692091
-67.7874046842
-56.9733474671
-35.4638788871
-18.5511070552
-41.7916848369
-72.6840979053
-48.4236454934
-36.5957518682
-75.1037330574
-60.6632942513
-51.6500462454
-75.6239662351
-56.1617423048
-74.9322162373
-57.6590308959
-104.806691911
-80.7354795167
-80.2642304055
-126.424845839
-122.615030633
-139.234227934
-88.4574367162
-123.059357844
-154.365666967
-47.3677844741
-85.0687145955
-47.4680914589
-104.547518706
-69.9296004648
-133.800653574
-68.4579072744
-86.9813843964
-125.343164505
-68.2733228991
-48.8272630175
-42.493354487
-32.2031342508
-65.2623210527
-83.5757854622
-39.8019235902
-38.0016273385
-83.9667747667
-60.740076474
-71.5562587461
-55.3369509567
-74.7739111823
-40.2602754797
-20.157633126
-51.6432184371
-60.995404158
-95.4774567557
-148.091813505
-63.2946183034
-80.1102767133
-74.0387224726
-105.263489331
-20.175555034
-79.8072046112
-41.016189096
-45.8779871411
-112.752174115
-47.6221582395
-37.3801297118
-39.4380491251
-71.2813424933
-47.7230152439
-85.5808139056
-47.8572229268
-42.2792583051
-84.8837958564
-44.6357923716
-84.0514904378
-41.4873908716
-20.3275581275
-70.8747909245
-61.3538622583
-101.721706811
-64.3792578133
-24.0785606513
-74.6338856405
-52.7118491942
-41.1149926662
-100.33618948
-40.8304770299
-84.5046229585
-20.1670934553
-60.643989568
-21.3326001127
-88.2275035894
-144.392624183
-77.9999705306
-26.3418330133
-52.261573285
-59.4339448597
-78.7508768823
-103.240431079
-33.3766607527
-40.0459479223
-79.9754560878
-57.5641285868
-54.5808773701
-85.4339720955
-118.121744756
-142.545231253
-36.5749242696
-42.2839507473
-49.51075769
-24.7687425678
-59.2757488578
-54.6411386329
-33.3192944902
-57.6062529114
-66.2883265133
-32.5622438078
-34.0141202354
-21.7428707666
-54.8949462907
-43.1757574019
-63.6858947664
-59.4417072323
-62.1579787928
-56.2661542146
-86.6558771442
-39.7079086308
-67.6926714858
-78.7225429244
-69.4348212582
-61.5484713247
-102.714108768
-64.9332298788
-80.0204141856
-42.6160717822
-105.386281671
-56.5121610725
-42.9185391315
-123.095053268
-51.9479674456
-51.3134795274
-36.5355069939
-69.1539138883
-29.0411840637
-61.5585974826
-60.3961203797
-38.6516253874
-39.1366981521
-46.9302581739
-30.215280187
-112.614655983
-67.9806951078
-43.2924833659
-44.0949421781
-125.368857138
-68.7574102166
-73.8922053036
-49.8733746717
-44.5214204463
-75.1142630816
-23.1263114181
-50.2736371025
-41.1526447801
-124.351918511
-50.2160431203
-93.6093294154
-45.2532154544
-91.8236176808
-26.6558847676
-124.024289332
-34.5731050591
-148.569904632
-143.049059747
-123.107887332
-110.620944848
-106.143893829
-96.707246674
-156.00149374
-98.6613947897
-47.9859415441
-93.3650328988
-36.7129374302
-100.463144789
-82.3604855097
-56.3503442817
-105.162464607
-39.5202437168
-158.775262063
-105.894658165
-78.1953279502
-102.234208129
-125.166515695
-125.380551864
-76.5669864788
-116.489138468
-82.0825153153
-89.9155266729
-94.9017253905
-98.2613780836
-104.964717714
-49.0652253038
-33.4423997232
-93.7149224187
-46.8585650242
-83.0352619223
-156.468457115
-87.7882180164
-45.7985616303
-115.921731414
-146.507312582
-36.4350284622
-53.7753520082
-48.6946623193
-106.358146651
-86.8650772861
-141.944993077
-83.2498276504
-146.517132195
-78.4630107104
-79.0043144524
-79.8189114581
-68.0102128071
-270.201798623
-48.7189220465
-123.930506964
-84.0279547956
-64.5622209652
-112.0059827
-84.3779626097
-89.8384541985
-25.3152969111
-147.176550867
-48.0086662809
-126.217079206
-134.477538871
-68.5136808887
-124.130737299
-88.6686676645
-52.1861250277
-84.5462045083
-84.5291222521
-68.9311452329
-115.511509426
-37.8434901364
-99.9902191331
-92.2635319896
-101.355820687
-68.7049027368
-81.9979893008
-99.5241160509
-59.0117305463
-47.5130330207
-41.6315849251
-193.549068049
-101.982711222
-81.180589083
-46.5958646216
-101.585265166
-48.6464491543
-131.754011767
-90.2415546242
-38.0452814916
-89.2299073468
-105.918396694
-58.6650524557
-69.4940614342
-51.9868974149
-62.8104917185
-122.769750108
-85.8296270928
-103.394517565
-16.3982510193
-88.5248100147
-74.4060592686
-76.7440569517
-37.3484280769
-84.9282995599
-49.9350289083
-73.4754879809
-46.5833190114
-99.773648235
-108.205677429
-131.013219281
-173.292716949
-55.3818197121
-88.2908206871
-56.2566365721
-26.1148750971
-74.9122683138
-47.9803011035
-113.728754858
-79.8307619168
-85.4165478492
-53.0230531161
-82.615641383
-53.8330708488
-65.907526938
-32.01806061
-38.5493100053
-74.1863022329
-78.8769658934
-71.5438687585
-36.0509751748
-25.8263011202
-44.621526987
-128.819978677
-19.2472181954
-65.061337134
-78.270582033
-85.8575349877
-33.4254716657
-86.5130943129
-64.5345672237
-116.994379596
-83.2978819808
-98.8661188505
-55.9673936211
-35.5849091668
-36.3015745121
-66.6462085486
-128.885254778
-66.5528873075
-108.977029169
-37.7689073641
-33.9759480629
-42.6426821397
-95.4314283899
-39.4878832237
-71.4668325341
-75.8742607313
-34.6605860771
-69.2643662495
-78.90614199
-123.373724439
-103.971687905
-114.606862483
-71.568183012
-62.8286083287
-24.1856824446
-78.2392558255
-79.8154115863
-146.060210581
-83.3634846934
-87.3409542833
-106.554697619
-108.692447753
-90.6583024838
-160.607672344
-75.3372164313
-132.563457245
-75.3935321807
-42.9071563711
-87.9682724691
-69.1102774486
-52.5785474471
-47.0025736881
-162.592065541
-103.334559245
-41.1240553067
-123.847690505
-146.8955615
-74.7424880861
-68.4440986998
-41.7372066551
-61.7797012234
-40.4379678532
-49.6792808193
-61.2344183992
-83.0117114497
-80.4062568359
-27.5767326349
-48.1005749619
-43.3069783975
-87.1540142231
-99.4584501947
-80.1909949957
-108.988105876
-23.123258995
-113.357224602
-102.831818648
-71.0229277565
-75.2929323085
-41.1516783308
-140.274002929
-44.9500160988
-40.4896766096
-81.9235287476
-79.5158819688
-61.3817505502
-130.151984128
-80.3224303654
-49.8573355273
-63.5767981564
-57.3425683719
-70.1186366888
-79.5196752466
-67.7283037437
-66.0444410051
-77.3066740176
-63.718201279
-49.836347853
-67.5809068586
-98.0172896362
-58.9791468047
-120.452245959
-148.696516257
-44.5555911687
-47.7847660784
-40.2478646058
-95.7061306535
-186.251887551
-67.7543788264
-114.337504714
-63.4245181668
-78.679581228
-125.305331244
-56.3339030952
-146.922436582
-26.7077663078
-69.2968073763
-60.0226577847
-36.6636052909
-70.1447841046
-102.133140045
-65.183542641
-44.9863850858
-62.0392948777
-100.828016492
-23.8728572104
-30.534510406
-93.3557060134
-111.936078232
-167.337414044
-57.8640371178
-73.9123066823
-71.1034043587
-92.4256361785
-116.017364943
-69.3476036308
-37.5512800358
-34.1222340844
-43.8528991132
-68.6556449959
-128.569820994
-51.5357583771
-67.909591914
-81.1171983798
-59.6250366215
-81.1317390275
-62.5470468974
-83.0271522397
-86.9186466151
-40.1471530529
-61.4696336522
-104.633691457
-24.1425954232
-64.5230679483
-99.8096956917
-64.5114528984
-47.4187916222
-157.502105007
-77.9671873244
-34.0277096083
-49.5766316765
-82.0614074426
-79.6260121927
-114.276825054
-54.9224046509
-58.4141160814
-46.9827039985
-81.7037134089
-83.14369134
-53.5639104992
-75.6871552494
-55.5516124022
-84.8266724798
-118.812056208
-126.241582987
-71.8367627317
-34.8127980029
-43.080831743
-63.1988455354
-82.6150683174
-52.7165409903
-38.6686425553
-72.6058246315
-105.899344941
-38.01852382
-96.7014154572
-134.474470871
-123.328864835
-111.203243995
-81.2053916272
-54.2619629896
-87.78482041
-71.3577331228
-86.9158279682
-162.473498595
-66.4942685795
-137.201224405
-158.346022718
-209.072956767
-111.411061094
-61.5526460463
-138.197064548
-91.4906501329
-137.691507751
-105.090830514
-105.893118922
-70.886775935
-155.834990086
-129.514086147
-120.878402111
-15.9985990599
-104.740785449
-151.220286489
-109.325042106
-50.1428999759
-60.7160443152
-98.0310890046
-56.9054239873
-30.4351836123
-47.6218108778
-54.7294278774
-19.1718934802
-37.3080039377
-65.7544828756
-70.312799349
-42.3259496187
-44.5414456718
-70.3299406543
-73.0581515707
-66.5902917562
-59.7444648745
-37.4251114801
-46.1665335361
-52.2985931326
-100.817850171
-32.3819826365
-75.0663665547
-31.2774959582
-59.1157753783
-36.3341745555
-63.4041885597
-49.9034501934
-50.7911436087
-64.2015112646
-51.7436560398
-58.0833514924
-66.340428978
-32.1838005061
-31.7892981087
-51.1572175607
-64.8457134923
-25.1933693275
-53.3290964395
-78.9374600771
-130.157061538
-50.4229366292
-34.1940315205
-58.6125280668
-123.088776423
-80.2144662644
-162.698727936
-64.0405117463
-27.4002163134
-89.5355948964
-79.8123385725
-35.5780979704
-91.7805947454
-75.0472547576
-28.1178804672
-30.2152433912
-118.594969087
-63.1657638854
-42.4437830434
-39.5744803232
-100.371009766
-93.1138053376
-129.426800618
-62.5997345208
-91.9725253388
-53.4052068352
-74.6352326042
-34.7898696884
-74.7275533833
-64.9349390495
-70.4487359671
-59.0432259226
-88.8358246962
-57.0109520038
-56.748549791
-111.450268005
-32.2940328077
-14.6546759223
-37.1172180101
-14.9892052255
-48.2801298963
-14.9502866751
-71.7934681804
-15.9639448175
-49.9129797485
-16.2312785388
-64.4592820924
-41.650773859
-81.0131530868
-93.7106005367
-138.266812858
-31.6020353712
-98.5011574073
-75.6483004192
-14.0569695542
-123.711827973
-74.0591215867
-53.2907050271
-111.825762403
-74.6509243445
-140.479470734
-138.81329874
-77.1467151989
-62.6829876608
-142.815445452
-70.234436771
-115.830880044
-60.1885191656
-49.3952877098
-83.6531653637
-55.5717152674
-84.8539285487
-123.684819846
-26.745828024
-26.3950251931
-99.158049509
-79.2771687533
-87.8810592927
-85.6215233171
-60.4786694295
-104.342609735
-33.5421608804
-69.646527138
-54.3010413052
-88.1477678541
-51.2989379743
-45.8926094922
-67.2933351798
-76.3060227249
-47.6233242183
-47.422528683
-93.4099950859
-81.1609198834
-47.2843619742
-99.0021444219
-133.134686258
-120.285611656
-100.428036415
-139.740565045
-67.4605621088
-70.6390669184
-48.50411304
-57.7482420834
-39.7319570898
-47.2849706959
-43.4288393112
-92.1227257104
-89.1874257063
-90.0255556105
-42.5608041051
-40.7181477121
-95.0376439382
-91.3134293425
-76.6049885688
-137.459152886
-131.859642571
-60.9168256942
-42.0351169796
-44.6375450968
-81.2370094606
-100.408137531
-51.5456549858
-103.056537448
-89.3070795832
-128.231640448
-66.6090359298
-31.83616311
-97.9787201151
-33.3598603364
-110.893403273
-59.6404030336
-66.9035609961
-59.6879335947
-68.6913408685
-59.9151523984
-94.9700265922
-94.2407386174
-102.28773723
-53.2191195008
-31.1075659926
-85.1082615256
-85.0590364675
-58.8076874728
-114.247137559
-130.237835305
-58.9062513715
-87.8726505827
-34.9494016545
-56.1533271397
-155.094178709
-76.833683221
-75.4315350581
-105.784154904
-90.8342516546
-115.027941155
-122.750231478
-103.619001898
-45.7846572062
-35.3288448885
-28.6212601348
-89.6640578232
-69.4405195719
-49.2568354775
-28.9564034274
-80.7442236091
-39.6021336778
-87.1188053831
-96.5949304187
-63.8444425733
-51.281710378
-67.6634929895
-78.2382420945
-45.95874967
-68.4014711671
-28.4765663135
-97.9012624291
-118.389007673
-65.9605524448
-54.0939454699
-56.033539236
-73.4438191004
-69.7645528961
-68.7408199658
-86.974424719
-49.9125874003
-65.3219498687
-44.616768218
-116.970996286
-87.4192352628
-95.3856301828
-101.61392588
-101.902533358
-47.8469704432
-56.1662871823
-43.5643708403
-89.2499713983
-91.5020702366
-103.246544503
-53.5386859
-152.440412535
-64.7399981729
-53.4348661676
-73.1551846698
-27.6111328724
-88.8240217649
-25.6281242064
-58.9089896465
-63.3598849859
-108.163550951
-92.7265161925
-64.7199500224
-64.1811952673
-26.2597771055
-126.163715909
-64.6451431835
-59.1556890979
-53.9962125871
-60.4823904416
-86.2523130989
-127.317357116
-20.9304037743
-54.8161378233
-111.536434766
-53.8055642221
-39.509158184
-44.7755246465
-120.444871469
-40.2549289688
-63.3661677433
-48.2179260367
-140.031706966
-33.7991387753
-61.1180331384
-82.9065981598
-99.4385188159
-87.0925728599
-74.2496033971
-119.077795216
-50.6228995461
-47.1675015101
-97.1999181723
-44.6399211871
-58.9590691283
-66.1880129336
-70.8981284784
-145.845754139
-191.6152191
-56.2191606183
-73.8606693522
-59.1792976378
-53.5022418141
-66.4021654594
-75.9247351502
-127.703019752
-86.1185741772
-44.2085663533
-79.4588932661
-77.5045433318
-95.0058255484
-266.704795377
-86.2886428537
-26.4275568706
-122.57743037
-182.690469632
-85.7700430534
-61.8210045675
-83.8607246335
-50.9861062036
-145.310279742
-102.093067261
-160.913187034
-83.4982358925
-111.471863236
-141.372080572
-46.1621249025
-65.515970955
-157.108156646
-129.448040923
-32.5499291443
-165.642884576
-76.3508535321
-50.9337049848
-92.0992979569
-93.0136161995
-60.463434782
-48.8056248557
-44.7383899033
-133.863753268
-53.6651502371
-105.733988897
-29.1875234281
-107.854032239
-125.797888526
-129.6527229
-65.815520355
-67.5732976465
-114.309725613
-107.565217181
-81.0560094616
-122.247503146
-61.6716983575
-27.6842968931
-92.5548375595
-44.0776083813
-53.2524695975
-73.668802184
-98.1557830557
-165.363829811
-126.788684919
-112.891213609
-113.428855401
-124.99907466
-94.2899564197
-203.893397929
-61.6713120244
-69.2350941868
-94.9709398093
-34.9074523418
-58.4776978045
-42.121496694
-132.399284249
-39.5703121234
-133.196677116
-46.4605004898
-29.9301983654
-55.5634549981
-71.0433280643
-125.618484022
-131.040981139
-36.3602873847
-36.0002388944
-126.204599673
-73.7835826201
-122.362952491
-129.228231883
-160.199458588
-44.5419754051
-94.4312826247
-59.3550437145
-54.6666752168
-55.9725885326
-27.0585728632
-29.4317833107
-98.1463450251
-95.1493767344
-132.40498229
-69.7456083152
-79.8538807782
-56.8704438636
-72.9343386609
-44.6951076571
-75.6812097768
-53.4403922131
-66.7380289631
-47.2485963066
-41.1916712797
-48.6371288622
-33.7858607263
-87.5625641633
-149.308931047
-101.633022017
-27.2247770517
-98.0213020288
-185.36377215
-97.0991725246
-88.1558095769
-76.1420583133
-36.9642430884
-44.9370661434
-54.7009207093
-40.4977880046
-44.1303998475
-85.7477268376
-94.696352605
-64.9641536835
-41.7555709752
-105.655966182
-113.025688501
-79.89173556
-38.4080277598
-108.809328899
-70.2916746813
-67.050143891
-65.2061363488
-31.2733745591
-73.3617680337
-84.544605136
-23.0614580604
-75.0724789802
-33.5154927618
-57.1924194313
-53.1124356261
-29.1013549831
-51.4519464701
-68.0967355648
-89.4117659162
-66.6711850261
-71.637250019
-23.1894151076
-38.9147191206
-23.0449429737
-69.0751702506
-102.32428502
-19.7425956267
-117.751383137
-180.452077158
-88.9146596926
-170.174431124
-51.5708325373
-18.0321945388
-61.0535096341
-18.0737116401
-35.822819659
-124.454385723
-84.1779175223
-69.0210370365
-29.2336538716
-76.328550622
-87.9310526119
-27.887724516
-16.529509802
-15.9628876447
-19.4343984497
-18.5507509977
-134.003154883
-51.3617978864
-75.3177011769
-93.6558985489
-44.1425053997
-46.7056850715
-72.4877606574
-100.383147781
-28.2537605536
-40.8620681297
-33.5951291378
-60.2129180798
-76.5168974682
-23.9439585629
-36.8511969142
-85.982680469
-101.248106426
-99.1896144288
-170.351097239
-222.457750739
-82.1358342562
-81.2354385638
-74.270436596
-95.5672858105
-32.1524096731
-201.679044398
-75.5758739546
-141.506945324
-62.027051107
-51.1569327371
-82.2967955303
-114.284529095
-31.9562935893
-31.9166734839
-56.6774990675
-119.25370315
-59.0186999664
-41.2522211028
-45.027535156
-115.113040328
-38.8697776094
-68.7959320221
-71.9240023869
-58.1187721621
-140.819891784
-113.048501385
-48.4991334491
-34.1401675175
-68.3656208003
-68.3132174631
-93.1093803462
-37.1747743186
-89.8081548055
-54.3471929028
-56.172109012
-95.9721527424
-52.0824628554
-19.4788953514
-108.712778653
-62.8743018896
-131.623401694
-124.146715816
-33.5468309731
-33.3550418481
-28.4117420199
-113.536407577
-39.677693803
-56.768277005
-192.960065999
-34.2048588946
-27.9180401935
-20.2218895379
-23.0538299651
-56.7640041572
-99.4071320378
-34.9308140291
-122.977182594
-51.7371731047
-31.8558656323
-23.8209395291
-117.12010612
-103.551675344
-41.7742491312
-66.200383096
-146.506647562
-105.211963323
-84.5892206143
-56.0854297367
-81.2139496037
-16.7606444913
-18.0182495042
-84.2517879114
-35.1212643738
-44.1447923787
-23.5900074394
-73.8759100074
-35.7479876916
-26.6411747577
-48.8514460999
-94.8432408911
-53.8319740934
-77.7996568298
-31.1592036555
-36.3799062317
-63.324224234
-86.1745312291
-72.9211719322
-45.7724896681
-34.9774906595
-72.9990463092
-65.6970861454
-95.4408811232
-66.096002094
-58.7362321666
-127.060610546
-37.3400661702
-85.5890958048
-67.1286955473
-88.3652743625
-58.7674997279
-44.4655391108
-32.3019219964
-100.97812102
-54.9427486311
-53.9553391087
-55.1154081198
-104.765922523
-61.9872568801
-71.2061684158
-81.9161377151
-92.4648949574
-34.122495454
-32.6473417036
-55.1135397631
-48.471925814
-52.4594413287
-61.6162656007
-45.1619994819
-87.9167458666
-86.9010108697
-96.896555149
-99.6431833017
-35.8255729821
-197.91376587
-69.2895994345
-59.8284562933
-45.3542273066
-38.1483043665
-45.6878926139
-92.4312141204
-67.6966384866
-53.1467235803
-72.6224818601
-83.675804307
-111.755268845
-27.8357727181
-87.8586104931
-62.8182910652
-43.0444549601
-70.7085239965
-115.288668848
-67.07442696
-63.5817657104
-70.1012883251
-88.2276332274
-95.9674374717
-100.742855987
-67.9928615901
-135.032215322
-101.732575553
