-53037.4852801
-57074.1632383
-27006.33985
-43015.1580179
-34012.2876114
-77027.8377179
-30006.33985
-26012.6797
-20000.0
-31015.1580179
-10000.0
-27025.1825949
-38006.33985
-20039.4852801
-42009.509775
-31000.0
-23006.33985
-21000.0
-32000.0
-17033.1454301
-40000.0
-11000.0
-44021.6539336
-24000.0
-29046.7549695
-25005.7004397
-23000.0
-20031.1454301
-77042.7099625
-27011.4008794
-18012.2876114
-34036.8458698
-17000.0
-26049.2854843
-58026.8377179
-29000.0
-49036.7303926
-35003.5849625
-52000.0
-48012.6797
-27039.4852801
-27000.0
-54006.33985
-33001.4150375
-33010.024577
-26006.33985
-27000.0
-24000.0
-42030.7675574
-34036.993427
-26037.4852801
-42036.993427
-42015.1580179
-33000.0
-44000.0
-23037.4852801
-40006.33985
-40046.303448
-21033.1454301
-45000.0
-23006.33985
-16000.0
-51000.0
-59009.3711347
-22031.1454301
-38006.33985
-18015.1580179
-12006.33985
-19031.1454301
-19010.3695973
-44000.0
-19001.5771324
-31000.0
-15001.5771324
-17000.0
-29007.9169824
-19009.1065629
-13000.0
-18000.0
-23000.0
-45060.983148
-23021.4978679
-25015.6095395
-22000.0
-36021.9493895
-36055.6745827
-32057.6745827
-32046.303448
-14015.1580179
-21005.0378215
-18000.0
-23000.0
-31046.7549695
-26013.4981784
-32036.8458698
-19000.0
-40015.7109847
-30000.0
-33000.0
-41037.4852801
-29031.1454301
-26001.2854022
-31027.6043691
-35006.33985
-42037.4852801
-30006.33985
-40037.1074074
-24000.0
-39000.0
-41000.0
-34000.0
-33037.4852801
-33021.9493895
-12006.33985
-17000.0
-18015.1580179
-49000.0
-33024.2645809
-28000.0
-54000.0
-22006.33985
-29000.0
-22000.0
-57020.9493895
-41000.0
-22000.0
-19000.0
-36000.0
-16000.0
-35007.5837756
-15000.0
-37000.0
-28007.1583284
-29040.6508515
-23000.0
-17000.0
-33036.6468162
-46045.4022624
-18000.0
-8033.14543006
-20037.0996264
-17033.1454301
-38006.33985
-55015.6095395
-26000.0
-22007.9169824
-38061.4346695
-23037.4852801
-7031.14543006
-38000.0
-15000.0
-31015.1580179
-21000.0
-20041.251993
-20037.4852801
-20006.33985
-19000.0
-39006.33985
-37048.7549695
-50006.33985
-19001.5514099
-94000.0
-16000.0
-64015.1580179
-25033.1454301
-15033.1454301
-59065.0004503
-64030.7675574
-23000.0
-21031.1454301
-49046.303448
-25033.1454301
-49015.6095395
-24000.0
-39000.0
-22046.303448
-39013.4981784
-64019.0831409
-29033.3153551
-35000.0
-42027.8971509
-58022.3121884
-32021.9493895
-8000.0
-12000.0
-18000.0
-36000.0
-24000.0
-45000.0
-19031.1454301
-42033.1454301
-17033.1454301
-31011.9132159
-37005.7004397
-44015.1580179
-39037.4852801
-33006.33985
-34006.33985
-16000.0
-23050.1955421
-83006.33985
-28033.1454301
-38033.1454301
-67000.0
-46053.0948195
-36021.9493895
-45000.0
-25000.0
-38005.7004397
-45000.0
-33000.0
-61021.4978679
-23012.8790088
-61000.0
-44052.0038877
-30000.0
-102030.316036
-23027.9755051
-32022.1486983
-14033.1454301
-30053.9132979
-13000.0
-10000.0
-16000.0
-13031.1454301
-24046.303448
-17000.0
-33031.1454301
-46000.0
-35031.1454301
-50006.33985
-62017.4910191
-35000.0
-90053.5513755
-42000.0
-50031.219079
-30027.8971509
-28000.0
-40006.33985
-55000.0
-21001.5077946
-50000.0
-22033.1454301
-36033.1454301
-24021.0372767
-21037.4852801
-29000.0
-29015.024577
-32021.2454808
-32048.9248945
-39000.0
-48048.7549695
-37031.1454301
-41015.1580179
-22033.1454301
-18046.7549695
-7000.0
-42006.312883
-31021.9493895
-39036.6558858
-35000.0
-42013.4981784
-16046.7549695
-18033.1454301
-30033.1454301
-9031.14543006
-25007.4393857
-21000.0
-10032.4673581
-75015.7109847
-59105.8117664
-25046.7549695
-68006.33985
-44006.33985
-60045.46256
-84083.4108554
-48000.0
-12000.0
-35000.0
-35019.5565983
-38021.4978679
-31000.0
-51009.3711347
-21000.0
-43015.1580179
-49041.170007
-20031.1454301
-36000.0
-15043.1857198
-35031.1454301
-17000.0
-25006.33985
-23043.1857198
-35055.0948195
-56039.2773324
-32021.4978679
-26039.4852801
-30006.33985
-17000.0
-23012.6797
-33045.8251301
-44000.0
-19015.1580179
-29006.33985
-25000.0
-41021.4978679
-64037.1074074
-36000.0
-21006.33985
-32031.1454301
-13000.0
-33046.303448
-35000.0
-34000.0
-27000.0
-24000.0
-57053.1018934
-32000.0
-30000.0
-33033.1454301
-11031.1454301
-31048.7549695
-40000.0
-42015.4155289
-26023.0505735
-40044.2401676
-13046.303448
-12046.303448
-52006.33985
-53053.4617763
-48000.0
-43033.1454301
-39033.1454301
-10031.1454301
-33048.7549695
-51000.0
-44009.3711347
-46000.0
-14031.1454301
-13046.303448
-12046.303448
-35033.1454301
-10031.1454301
-50048.7549695
-37022.3163463
-45010.5410597
-49038.7257237
-45015.1580179
-32000.0
-18000.0
-40015.1580179
-23033.1454301
-13046.303448
-12046.303448
-47062.2013825
-32000.0
-29052.643298
-25036.6558858
-27000.0
-17037.4852801
-42027.8377179
-44015.4464129
-22000.0
-14000.0
-53037.4852801
-32017.9880511
-26016.6095395
-41021.0372767
-25000.0
-29031.1454301
-25006.2288187
-13000.0
-15000.0
-22000.0
-24015.6095395
-22034.7225624
-35034.7225624
-70033.1454301
-8000.0
-27000.0
-24000.0
-20000.0
-35033.1454301
-32031.1454301
-27000.0
-10031.1454301
-59015.6095395
-67022.7678679
-66006.33985
-39046.7549695
-19039.4852801
-22006.33985
-35005.8434242
-34046.303448
-33000.0
-18031.1454301
-33036.8458698
-27031.1454301
-36046.303448
-45000.0
-16031.1454301
-26005.7004397
-21000.0
-21006.33985
-21006.33985
-14031.1454301
-48006.33985
-19006.33985
-32000.0
-33039.4852801
-22000.0
-31000.0
-20000.0
-28031.1454301
-50054.643298
-38000.0
-56054.643298
-45048.7549695
-28000.0
-34058.983148
-42069.8988712
-62051.5255698
-24033.6759448
-80017.9880511
-45062.1309932
-74012.0402897
-43039.4985769
-39018.6274614
-37000.0
-35053.0948195
-33038.3037584
-32012.6797
-53035.7303926
-55062.2013825
-37006.33985
-25033.1454301
-41031.1454301
-25000.0
-30033.1454301
-38006.33985
-38000.0
-22001.388206
-28037.4852801
-39010.2467406
-14000.0
-31040.0702426
-18006.33985
-30006.33985
-26000.0
-11000.0
-35002.7548875
-47025.5172647
-34018.3801397
-38000.0
-14031.1454301
-11000.0
-20037.4852801
-30031.1454301
-49003.9634741
-30006.33985
-10000.0
-16048.7549695
-11021.4978679
-21000.0
-10000.0
-26015.6095395
-31025.0252036
-24000.0
-20000.0
-12037.4852801
-44006.33985
-8046.30344797
-34006.33985
-30000.0
-25012.6797
-37027.3771267
-24000.0
-19000.0
-27047.303448
-22048.303448
-37015.1580179
-14031.1454301
-18000.0
-24033.1454301
-26000.0
-44006.33985
-13037.4852801
-65000.0
-23006.33985
-29027.1193145
-14046.7549695
-15030.3160358
-8033.14543006
-21030.7675574
-40000.0
-20045.7549695
-15006.33985
-22000.0
-34039.4852801
-59022.0508347
-14000.0
-21021.4978679
-26074.320234
-56006.33985
-26010.3282534
-21006.33985
-56000.0
-20028.2892395
-36028.2892395
-24000.0
-20048.303448
-16039.4852801
-8037.48528006
-13000.0
-11000.0
-47006.33985
-33000.0
-42031.1454301
-47019.01955
-46006.33985
-27000.0
-17033.1454301
-22033.1454301
-28015.1580179
-19007.1583284
-26033.1454301
-29033.1454301
-43030.7675574
-51036.4475679
-32033.1454301
-32000.0
-19000.0
-30000.0
-9018.68779267
-23043.1857198
-27000.0
-14052.643298
-39043.7829606
-64015.1580179
-19000.0
-11015.1580179
-31048.303448
-13015.6095395
-14012.0402897
-36031.1454301
-26000.0
-26001.453718
-27031.1454301
-38016.6095395
-9000.0
-30051.1334812
-11000.0
-28031.1454301
-19033.1454301
-54006.33985
-6000.0
-14000.0
-5033.14543006
-36000.0
-18031.1454301
-12000.0
-29000.0
-14000.0
-17000.0
-27000.0
-26021.0018569
-30006.33985
-19000.0
-29000.0
-13000.0
-37005.7004397
-21012.8587681
-12005.7004397
-14000.0
-30000.0
-14033.1454301
-25014.024577
-16031.1454301
-43042.5165648
-34000.0
-21000.0
-21000.0
-19000.0
-17006.33985
-12000.0
-54027.4456293
-35006.33985
-30021.4978679
-26060.983148
-19006.33985
-37043.8251301
-21000.0
-86037.558929
-54006.33985
-42043.8251301
-25039.4852801
-14000.0
-30000.0
-43041.6993354
-30057.1389499
-28000.0
-25006.33985
-12000.0
-52043.8286184
-25000.0
-12000.0
-12031.1454301
-14033.1454301
-65059.4346695
-30006.33985
-34015.1580179
-32000.0
-40006.33985
-72031.1454301
-50021.4978679
-87027.8377179
-27000.0
-20016.714966
-33006.33985
-6000.0
-45021.4978679
-25031.1454301
-21033.1454301
-24000.0
-20033.1454301
-25000.0
-45006.33985
-26000.0
-14031.1454301
-17000.0
-38043.1857198
-15000.0
-13005.7004397
-36022.0508347
-22000.0
-20023.3052228
-18006.33985
-28000.0
-43000.0
-28006.33985
-30000.0
-8033.14543006
-13015.1580179
-15006.33985
-25046.303448
-26006.33985
-24000.0
-45058.983148
-20039.4852801
-12037.4852801
-17033.1454301
-39050.473373
-33000.0
-27033.1454301
-14000.0
-26015.1580179
-46000.0
-8037.48528006
-27031.1454301
-44058.983148
-13046.303448
-16000.0
-17000.0
-24006.33985
-40006.33985
-24006.33985
-24031.1454301
-20046.7549695
-8001.40808474
-9000.0
-26031.1454301
-24000.0
-20031.1454301
-19000.0
-20019.781782
-22000.0
-40006.33985
-16000.0
-12000.0
-16046.303448
-38055.9132979
-40056.1261043
-23000.0
-34000.0
-34002.169925
-19031.1454301
-13000.0
-24000.0
-26031.1454301
-19031.1454301
-31061.9129874
-18032.1454301
-13015.1580179
-24000.0
-10031.1454301
-35031.1454301
-15000.0
-35015.1580179
-10000.0
-20000.0
-28004.5849625
-33013.4981784
-29014.6974267
-25004.5849625
-17006.33985
-28059.4346695
-31000.0
-28000.0
-27000.0
-33039.4852801
-25013.3951324
-31003.9211813
-18001.1890338
-12037.4852801
-20000.0
-49019.01955
-14048.303448
-33000.0
-18033.1454301
-23015.1580179
-91012.2876114
-25006.33985
-27033.1454301
-50000.0
-31006.33985
-33006.33985
-26006.33985
-23000.0
-32018.701462
-28008.9530324
-75000.0
-54025.3594
-36006.33985
-36006.33985
-31000.0
-17000.0
-25031.1454301
-27000.0
-24033.1454301
-12045.8251301
-33000.0
-17000.0
-45021.9493895
-21000.0
-36000.0
-16000.0
-25033.1454301
-32046.6436084
-23000.0
-42036.6372832
-46006.33985
-24033.1454301
-39001.0
-19000.0
-42039.4852801
-56039.4852801
-73019.01955
-39031.1454301
-54006.33985
-43000.0
-58015.4464129
-57007.1583284
-45042.5165648
-17031.1454301
-46026.663635
-22000.0
-25000.0
-22031.1454301
-18002.9068906
-15007.7183616
-18000.0
-19031.1454301
-17032.5239417
-19001.2064509
-29000.0
-40006.33985
-50000.0
-22000.0
-23000.0
-47006.33985
-24033.1454301
-11033.1454301
-37033.1454301
-47012.6797
-74052.643298
-26000.0
-64015.6095395
-28000.0
-40000.0
-21000.0
-16000.0
-38006.33985
-41046.7549695
-20015.1580179
-25006.33985
-29006.33985
-30000.0
-18004.4214638
-17033.1454301
-25000.0
-19000.0
-53011.2467406
-31046.303448
-43000.0
-29000.0
-21015.1580179
-17043.8251301
-16037.4852801
-24000.0
-42003.9068906
-27000.0
-36020.8383582
-20000.0
-29000.0
-28037.4852801
-32006.33985
-8033.14543006
-28006.33985
-27021.4978679
-25000.0
-30044.6436084
-15000.0
-23044.6436084
-35031.1454301
-24031.1454301
-22000.0
-13000.0
-24000.0
-15015.1580179
-20000.0
-17003.169925
-8031.14543006
-37009.2467406
-16000.0
-35000.0
-25000.0
-8031.14543006
-23012.6797
-33000.0
-11031.1454301
-27000.0
-28000.0
-15007.1583284
-15039.4852801
-33033.1454301
-44048.303448
-36000.0
-29006.33985
-22033.1454301
-86000.0
-30006.33985
-23000.0
-16000.0
-7000.0
-16037.4852801
-16031.1454301
-31021.4978679
-17015.1580179
-19021.4978679
-17000.0
-19033.1454301
-43000.0
-25000.0
-41033.1454301
-48015.1580179
-29010.4273128
-27021.4978679
-29003.2064509
-44000.0
-17000.0
-22031.1454301
-55007.0768156
-33000.0
-26038.8458698
-46000.0
-11000.0
-45005.7004397
-25000.0
-34000.0
-41000.0
-20048.303448
-33020.4377352
-6033.14543006
-44063.4614659
-25007.7321674
-31006.33985
-48015.1580179
-41000.0
-32000.0
-88025.8863996
-45009.9020924
-41019.01955
-43015.6095395
-47006.33985
-29000.0
-38031.1454301
-32000.0
-52000.0
-34004.6438562
-34000.0
-53015.1580179
-36000.0
-30006.33985
-37015.6095395
-35000.0
-35041.03669
-64039.4852801
-15033.1454301
-29005.7004397
-19000.0
-38000.0
-35032.6972333
-13006.33985
-53006.33985
-38045.8251301
-23070.6197942
-16000.0
-23000.0
-35048.303448
-22000.0
-43021.4978679
-23007.1583284
-25012.6797
-19000.0
-30031.1454301
-30015.1580179
-39033.1454301
-15033.1454301
-38000.0
-49000.0
-26015.1580179
-16000.0
-14000.0
-24000.0
-36000.0
-24000.0
-21001.169925
-31006.33985
-31001.5126117
-31000.0
-52015.1580179
-24000.0
-23000.0
-37006.33985
-34000.0
-28000.0
-41037.4852801
-26000.0
-9000.0
-27000.0
-32015.6095395
-43000.0
-31000.0
-41046.303448
-46006.33985
-21000.0
-17030.3746344
-32019.7376443
-22000.0
-26046.5405625
-19005.5621991
-43000.0
-32000.0
-23000.0
-19000.0
-56000.0
-19031.1454301
-20000.0
-29015.1580179
-10048.303448
-23000.0
-35031.1454301
-12040.3037584
-22016.4322852
-24000.0
-26038.5117523
-31000.0
-28031.1454301
-14000.0
-18000.0
-25033.1454301
-38030.3160358
-11000.0
-33015.1580179
-12033.1454301
-50037.4852801
-20000.0
-41014.6929968
-17000.0
-40031.1454301
-24000.0
-39053.0948195
-40042.6145631
-65006.33985
-60053.0948195
-59043.8251301
-53046.303448
-22033.1454301
-50021.4978679
-26031.1454301
-44021.4978679
-25046.303448
-67039.4852801
-47037.4852801
-30015.1580179
-40015.1580179
-24000.0
-38015.1580179
-37021.9493895
-33042.9866662
-5016.60953948
-55046.7549695
-27000.0
-21006.33985
-26033.1454301
-36000.0
-38031.1454301
-30000.0
-35012.6797
-32000.0
-28021.4978679
-23045.8251301
-22000.0
-34000.0
-14033.1454301
-44015.6095395
-38012.6797
-12000.0
-36001.5849625
-11021.4978679
-35059.8016263
-44000.0
-36006.33985
-15033.1454301
-34006.33985
-19031.1454301
-37000.0
-18031.1454301
-10000.0
-15000.0
-32033.1454301
-11000.0
-29006.33985
-15000.0
-22021.0372767
-63044.37895
-22048.303448
-42048.303448
-51039.4852801
-35000.0
-42000.0
-25031.1454301
-35031.1454301
-43046.303448
-34046.303448
-45015.6095395
-45039.4852801
-28052.4554093
-26015.1580179
-32000.0
-42000.0
-42037.4852801
-45000.0
-22000.0
-14045.9635562
-53037.4852801
-28000.0
-20000.0
-34015.1580179
-15019.781782
-36015.6095395
-72006.33985
-56000.0
-16015.6095395
-55006.33985
-20013.441932
-18012.6797
-25033.1454301
-38027.8377179
-21039.4852801
-27033.1454301
-47000.0
-17021.4978679
-25015.1580179
-59000.0
-22000.0
-14034.5453607
-31012.6797
-31045.8251301
-19033.1454301
-28015.1580179
-17037.4852801
-36033.1454301
-32030.3160358
-58048.7556085
-36015.6095395
-32000.0
-26033.1454301
-59015.1580179
-26006.33985
-22037.4852801
-11031.1454301
-39006.33985
-33015.1580179
-27000.0
-41000.0
-43034.7626975
-24006.33985
-15000.0
-37046.7549695
-45031.1454301
-21015.1580179
-38031.1454301
-15000.0
-30012.2876114
-21015.1580179
-33015.0286931
-34040.8160443
-22000.0
-25000.0
-33028.8971509
-65005.7004397
-20000.0
-8001.26303441
-18015.1580179
-29006.33985
-16000.0
-37024.5752228
-35024.1110503
-24000.0
-19005.7004397
-17000.0
-35031.1454301
-47037.4852801
-35000.0
-26031.1454301
-37000.0
-36012.2876114
-50000.0
-38015.1580179
-75000.0
-30030.7675574
-20000.0
-16000.0
-34004.7548875
-18000.0
-11006.33985
-56037.4852801
-54031.1454301
-18000.0
-60007.1583284
-27000.0
-24006.33985
-55006.33985
-33015.6095395
-31031.1454301
-39043.8251301
-34000.0
-21031.1454301
-33015.1580179
-54037.4852801
-63053.0948195
-17031.1454301
-27000.0
-45000.0
-33031.1454301
-21000.0
-43000.0
-46000.0
-54039.4852801
-47000.0
-19000.0
-71000.0
-22006.33985
-77049.7728914
-43000.0
-41000.0
-52000.0
-63000.0
-54000.0
-26000.0
-35033.1454301
-54000.0
-51067.5225406
-23012.2876114
-67072.6313491
-31000.0
-39006.33985
-51000.0
-52018.6274614
-24006.33985
-17046.303448
-28000.0
-45043.8251301
-29054.643298
-23033.1454301
-16015.1580179
-20061.4614659
-26033.1454301
-10000.0
-32000.0
-19000.0
-18012.6797
-25031.1454301
-15000.0
-20039.0351956
-34000.0
-59031.1454301
-16000.0
-39000.0
-21000.0
-33000.0
-55037.4743642
-19000.0
-17039.4852801
-13000.0
-16033.1454301
-25006.33985
-11052.643298
-31006.33985
-18006.33985
-38033.1454301
-26015.1580179
-60054.643298
-46061.4346695
-42039.4852801
-29012.6797
-31006.33985
-22031.1454301
-32000.0
-15000.0
-22012.6797
-45033.1454301
-24038.8458698
-27033.1454301
-15006.33985
-16000.0
-13006.33985
-16000.0
-22006.33985
-15000.0
-28033.1454301
-15033.1454301
-42027.1983076
-65048.966413
-35007.693487
-34000.0
-20000.0
-28000.0
-14000.0
-26000.0
-52044.8775975
-37000.0
-26006.33985
-32015.7109847
-79021.4978679
-24052.1649801
-11000.0
-27031.1454301
-50000.0
-24036.1185308
-28034.5453607
-58000.0
-34000.0
-19040.3037584
-31047.3770969
-17000.0
-25000.0
-18000.0
-37053.0948195
-33005.7004397
-27030.3160358
-47031.1454301
-38000.0
-53049.2854843
-30000.0
-39006.33985
-31006.33985
-25031.1454301
-29027.8377179
-23000.0
-31048.8339627
-37039.4852801
-19001.4015164
-19006.33985
-35006.33985
-17000.0
-24000.0
-37009.3711347
-46028.2892395
-52000.0
-54012.0402897
-43027.8377179
-23000.0
-20033.1454301
-42037.4852801
-37006.33985
-29046.303448
-41006.33985
-19033.1454301
-22015.6095395
-9031.14543006
-27000.0
-44039.4852801
-23037.4852801
-32012.6797
-50000.0
-11031.1454301
-19015.1580179
-31000.0
-13039.4852801
-31046.303448
-40015.1580179
-31006.33985
-78113.9962907
-54002.169925
-21037.4852801
-30053.0948195
-54039.4852801
-29000.0
-52006.33985
-47044.7706823
-24000.0
-38033.1454301
-36000.0
-31037.4852801
-21037.4852801
-37012.2876114
-64015.1580179
-54000.0
-29006.33985
-63029.8554446
-25031.1454301
-16000.0
-25006.33985
-60014.849625
-60021.4978679
-24000.0
-26000.0
-33023.0016838
-29054.643298
-22000.0
-36003.9068906
-30033.1454301
-18033.1454301
-32033.1454301
-15000.0
-37013.8021846
-26037.4852801
-35003.9068906
-13006.33985
-28006.33985
-27000.0
-14006.33985
-15000.0
-38033.1454301
-19050.863494
-21002.5849625
-18033.1454301
-23000.0
-8000.0
-17037.4852801
-28000.0
-15000.0
-19000.0
-40019.9302807
-20000.0
-21000.0
-16031.1454301
-33048.303448
-19000.0
-20000.0
-14033.1454301
-36006.33985
-42001.3861826
-14000.0
-22061.8016263
-44045.8251301
-27000.0
-53020.3320055
-32037.4852801
-11001.3297054
-46035.9258858
-31015.1580179
-23003.9068906
-18000.0
-25008.6831699
-10014.6974267
-42032.7296369
-25001.388206
-6031.14543006
-35000.0
-9000.0
-24033.1454301
-12000.0
-28009.9248125
-20000.0
-22000.0
-10037.4852801
-13000.0
-28000.0
-32054.643298
-22017.4505651
-22033.1454301
-26006.33985
-42019.01955
-17015.1580179
-23006.33985
-43027.8377179
-35006.33985
-18000.0
-9027.97550505
-13000.0
-51015.1580179
-27031.1454301
-24021.4978679
-32006.33985
-33033.1454301
-15000.0
-65019.01955
-15000.0
-34021.4978679
-26000.0
-18000.0
-46006.33985
-61006.33985
-64070.2528375
-78015.1580179
-30000.0
-38015.6095395
-24034.9960463
-26057.6745827
-18033.1454301
-29015.1580179
-45006.33985
-29033.1454301
-19033.1454301
-32000.0
-39000.0
-24033.1454301
-16000.0
-46007.1583284
-48007.1583284
-46015.1580179
-52046.303448
-40000.0
-35007.1583284
-25031.1454301
-40007.1583284
-25031.1454301
-61037.4852801
-31000.0
-25015.1580179
-26000.0
-66073.0867181
-65000.0
-50051.6509112
-37000.0
-50000.0
-61059.4346695
-39013.4981784
-51036.7990145
-85062.5610015
-43033.1454301
-22033.1454301
-37007.6353059
-49045.8251301
-46033.1454301
-37037.4852801
-61000.0
-21031.1454301
-36000.0
-38037.1074074
-57006.33985
-53007.2288187
-55068.8058043
-63053.7322495
-32000.0
-65000.0
-39005.7142455
-24015.1580179
-44015.6095395
-18000.0
-38000.0
-27000.0
-46048.7549695
-23015.6095395
-13006.9943534
-35006.33985
-14013.441932
-31000.0
-68021.9493895
-43031.1454301
-32015.6095395
-16000.0
-42040.5618319
-35033.1454301
-51048.303448
-48052.643298
-42000.0
-49021.4978679
-51007.0768156
-55069.0713158
-30037.4852801
-23031.1454301
-32015.6095395
-18000.0
-51015.1580179
-39015.1580179
-15031.1454301
-43046.303448
-33012.6797
-58028.6561963
-33046.303448
-12033.1454301
-26006.33985
-17000.0
-18027.8377179
-33015.1580179
-33000.0
-23000.0
-39021.4978679
-28000.0
-29015.1580179
-10000.0
-17000.0
-26031.1454301
-46012.0402897
-36006.33985
-29000.0
-12048.7549695
-24000.0
-29000.0
-13013.6095395
-19000.0
-27000.0
-38031.1454301
-17015.7109847
-19000.0
-19000.0
-29039.4852801
-21006.33985
-18046.303448
-25021.4978679
-54031.1454301
-43046.7549695
-30001.3923174
-40046.303448
-39012.6797
-22006.33985
-28033.1454301
-23000.0
-27006.33985
-27000.0
-23000.0
-30039.4852801
-51006.33985
-25000.0
-27000.0
-29033.1454301
-44045.8251301
-59052.643298
-23006.33985
-16000.0
-43027.9755051
-32000.0
-35000.0
-14027.9755051
-29000.0
-19000.0
-22000.0
-33000.0
-19033.1454301
-23000.0
-21010.024577
-42033.1454301
-33004.3923174
-27000.0
-42006.33985
-51018.1420346
-64000.0
-57046.7549695
-50039.4852801
-46071.1081702
-46033.1454301
-28040.251993
-28033.1454301
-23019.5565983
-32034.4502846
-29039.4852801
-54080.0889273
-33031.1454301
-17000.0
-17000.0
-37030.8690027
-29000.0
-31000.0
-37021.4978679
-21006.33985
-48046.7549695
-64071.0713158
-21033.1454301
-38006.33985
-39012.2876114
-32031.1454301
-34040.5165648
-56000.0
-13049.1334812
-25031.1454301
-53000.0
-25039.4852801
-28006.33985
-29006.33985
-29000.0
-43053.1105323
-39000.0
-32033.1454301
-32059.4346695
-24000.0
-24000.0
-47006.33985
-90000.0
-12000.0
-28002.169925
-37000.0
-11031.1454301
-46000.0
-35000.0
-15033.1454301
-24000.0
-16006.33985
-13000.0
-18015.6095395
-17014.024577
-25000.0
-47021.4978679
-73067.8013159
-50000.0
-61006.33985
-59015.1580179
-23033.1454301
-48022.6353714
-36006.33985
-41031.1454301
-60039.4852801
-60033.1454301
-32000.0
-31031.1454301
-34015.1580179
-41046.303448
-29021.4978679
-27039.4852801
-31000.0
-42012.6797
-34033.1454301
-23000.0
-36000.0
-28000.0
-29021.4978679
-46000.0
-39012.6797
-25039.4852801
-25031.1454301
-14033.1454301
-33049.693473
-19015.1580179
-29000.0
-21000.0
-20000.0
-29000.0
-29000.0
-43000.0
-42020.2975693
-8000.0
-26000.0
-26000.0
-44015.6095395
-29000.0
-34000.0
-29000.0
-35000.0
-26033.1454301
-49000.0
-28015.1580179
-13000.0
-35016.2575536
-22033.1454301
-39000.0
-34000.0
-30031.1454301
-10034.2449657
-38043.8775975
-8031.14543006
-51038.8458698
-33037.4852801
-24037.4852801
-23000.0
-88087.0844987
-37031.1454301
-26006.33985
-18000.0
-19031.1454301
-17000.0
-31000.0
-25015.1580179
-38015.1580179
-50000.0
-73074.715172
-51000.0
-72006.33985
-38037.4852801
-30033.1454301
-27046.7549695
-41007.8622595
-23000.0
-48001.4288433
-66016.9314676
-10031.1454301
-25045.1857198
-37044.7549695
-43022.6942672
-27015.1580179
-29006.33985
-27033.1454301
-43055.0948195
-50000.0
-43000.0
-33000.0
-65070.4434604
-31012.2876114
-78006.33985
-38000.0
-39000.0
-31000.0
-22055.6253343
-39000.0
-30006.33985
-34000.0
-45015.6095395
-41000.0
-33000.0
-29031.1454301
-25040.0157948
-58008.509775
-46037.4852801
-34006.33985
-36046.7549695
-29000.0
-36058.155849
-31055.6253343
-27000.0
-39012.6797
-30027.8971509
-41000.0
-42000.0
-52000.0
-24015.1580179
-29000.0
-20031.1454301
-9033.14543006
-9033.14543006
-13000.0
-35006.33985
-34006.33985
-17037.4852801
-67059.4346695
-32000.0
-29000.0
-15015.1580179
-18031.1454301
-40015.6095395
-26033.1454301
-16000.0
-8000.0
-17031.1454301
-45000.0
-29045.8251301
-40045.8251301
-34038.8458698
-41011.8074556
-15006.33985
-29006.33985
-66006.33985
-22006.33985
-10039.4852801
-57012.2876114
-19049.2854843
-26028.2892395
-41012.2876114
-24006.33985
-41012.6797
-31019.6740534
-30012.6797
-17034.3153551
-27000.0
-19000.0
-39021.4978679
-19015.1580179
-28039.4852801
-40060.983148
-60000.0
-24000.0
-21046.303448
-20039.4852801
-22000.0
-34000.0
-29048.303448
-7031.14543006
-14000.0
-26000.0
-44000.0
-45033.1454301
-23006.33985
-62036.1952946
-20031.1454301
-32012.6797
-25015.1580179
-16000.0
-51006.33985
-45015.6095395
-9018.70146197
-31015.1580179
-24015.1580179
-28000.0
-45039.4852801
-28000.0
-25033.1454301
-25031.1454301
-31000.0
-26022.641989
-47015.1580179
-19000.0
-16000.0
-44000.0
-34015.1580179
-37031.1454301
-30024.5291527
-35031.1454301
-19031.1454301
-19000.0
-25000.0
-47000.0
-53031.1454301
-37057.1395378
-41021.9493895
-28031.1454301
-29000.0
-52000.0
-35055.0948195
-34015.1580179
-40000.0
-28006.33985
-20000.0
-28035.751574
-23000.0
-13000.0
-32048.303448
-32000.0
-20006.33985
-22031.1454301
-20000.0
-4000.0
-27019.01955
-32012.6797
-28006.33985
-38015.1580179
-30000.0
-11000.0
-24031.1454301
-36015.1580179
-25038.3037584
-16000.0
-33028.6218148
-34015.6095395
-22035.7303926
-32042.5165648
-26031.1454301
-65036.6558858
-24028.4854921
-53000.0
-23020.8304433
-19000.0
-36029.3620427
-29040.5165648
-26000.0
-31015.1580179
-17000.0
-22031.1454301
-27031.1454301
-61005.7004397
-52006.33985
-39031.1454301
-24043.8251301
-25058.1261043
-61004.9068906
-24039.4852801
-29061.4346695
-57015.6095395
-47035.3153551
-20000.0
-30021.4978679
-40063.7869533
-28000.0
-21051.5967059
-34018.5503353
-13000.0
-21037.4852801
-38031.1454301
-15015.1580179
-57045.8251301
-19000.0
-38004.9068906
-11033.1454301
-39000.0
-19000.0
-36033.1454301
-22000.0
-27031.1454301
-24037.4852801
-24000.0
-12000.0
-33035.1259696
-46015.1580179
-20000.0
-49031.1454301
-50045.8251301
-28049.509857
-44000.0
-16037.4852801
-17030.7675574
-30006.33985
-29051.4692151
-25054.643298
-26060.8039034
-25058.1261043
-61004.9068906
-23039.4852801
-21033.1454301
-17000.0
-20033.1454301
-18000.0
-16031.1454301
-10000.0
-14031.1454301
-22031.1454301
-24037.4852801
-19000.0
-38032.5469464
-30050.8884105
-21000.0
-20006.33985
-25003.9068906
-34005.2626821
-13000.0
-25000.0
-28000.0
-12031.1454301
-25001.4150375
-18001.3219281
-14000.0
-30000.0
-22015.1580179
-17000.0
-32000.0
-19000.0
-41031.1454301
-51021.0372767
-18007.1583284
-43021.4978679
-43022.7678679
-17000.0
-50000.0
-14000.0
-39006.33985
-17015.1580179
-24000.0
-41028.5999499
-55028.2892395
-24033.1454301
-23009.1065629
-28000.0
-5000.0
-6000.0
-16031.1454301
-27000.0
-11013.441932
-27004.6394103
-8000.0
-61053.1250949
-5001.47902906
-8000.0
-35044.6436084
-27018.6877927
-54015.1580179
-29021.9493895
-24000.0
-14000.0
-32013.441932
-39000.0
-31000.0
-35048.303448
